season,season_id,school_id,division,TC,PO,A,E,CI,PB,SBA,CSB,IDP,TP,FLD%,CS%
2022,15860,2,1.0,2079.0,1534,496,49,0,15,110,31,93,0,0.9764309764309764,0.2818181818181818
2022,15860,3,2.0,1645.0,1187,403,55,0,10,117,30,81,0,0.9665653495440729,0.2564102564102564
2022,15860,4,3.0,1476.0,1020,389,67,0,12,112,24,72,0,0.9546070460704607,0.21428571428571427
2022,15860,5,1.0,1894.0,1331,478,85,0,15,216,23,64,0,0.9551214361140443,0.10648148148148148
2022,15860,6,1.0,1753.0,1228,435,90,0,26,226,46,69,0,0.9486594409583571,0.20353982300884957
2022,15860,7,1.0,2075.0,1538,473,64,1,12,130,23,123,0,0.9691566265060241,0.17692307692307693
2022,15860,8,1.0,2079.0,1534,505,40,1,8,90,22,127,0,0.9807599807599807,0.24444444444444444
2022,15860,9,1.0,2018.0,1454,484,80,0,14,152,50,91,0,0.9603567888999008,0.32894736842105265
2022,15860,10,2.0,1771.0,1284,410,77,0,16,128,44,62,0,0.9565217391304348,0.34375
2022,15860,13,2.0,1528.0,1080,388,60,1,28,139,36,90,0,0.9607329842931938,0.2589928057553957
2022,15860,14,1.0,1657.0,1198,418,41,0,9,108,36,66,0,0.9752564876282438,0.3333333333333333
2022,15860,15,3.0,1386.0,964,345,77,1,7,76,42,88,0,0.9444444444444444,0.5526315789473685
2022,15860,16,3.0,1204.0,854,276,74,0,31,230,21,34,0,0.9385382059800664,0.09130434782608696
2022,15860,17,1.0,1196.0,843,238,115,2,21,332,33,51,0,0.9038461538461539,0.09939759036144578
2022,15860,19,3.0,1264.0,931,273,60,1,11,102,28,87,0,0.9525316455696202,0.27450980392156865
2022,15860,20,3.0,1388.0,972,351,65,4,9,144,19,43,0,0.9531700288184438,0.13194444444444445
2022,15860,21,3.0,1353.0,941,343,69,0,5,170,33,53,0,0.9490022172949002,0.19411764705882353
2022,15860,22,2.0,1587.0,1071,422,94,0,25,156,26,89,0,0.9407687460617518,0.16666666666666666
2022,15860,24,3.0,1224.0,859,308,57,0,18,126,21,54,0,0.9534313725490197,0.16666666666666666
2022,15860,25,2.0,2277.0,1584,650,43,0,10,44,32,152,0,0.9811155028546333,0.7272727272727273
2022,15860,26,3.0,1283.0,911,304,68,0,16,148,25,39,0,0.9469992205767732,0.16891891891891891
2022,15860,27,1.0,1929.0,1395,460,74,0,5,116,44,118,0,0.9616381544841887,0.3793103448275862
2022,15860,28,1.0,2147.0,1533,552,62,0,9,118,31,134,0,0.9711224965067536,0.2627118644067797
2022,15860,29,1.0,2367.0,1709,592,66,0,14,64,27,156,0,0.9721166032953105,0.421875
2022,15860,30,1.0,1735.0,1262,389,84,1,12,244,50,32,0,0.9515850144092219,0.20491803278688525
2022,15860,31,1.0,2445.0,1773,629,43,1,13,98,36,161,0,0.9824130879345603,0.3673469387755102
2022,15860,32,1.0,1913.0,1326,517,70,0,10,102,42,99,0,0.96340825927862,0.4117647058823529
2022,15860,35,2.0,1959.0,1373,499,87,1,21,132,34,134,0,0.9555895865237366,0.25757575757575757
2022,15860,36,2.0,1654.0,1197,378,79,1,23,138,19,90,0,0.9522370012091899,0.13768115942028986
2022,15860,37,1.0,2364.0,1737,582,45,2,9,60,35,139,0,0.9809644670050761,0.5833333333333334
2022,15860,39,2.0,1597.0,1165,357,75,0,21,125,28,51,0,0.9530369442705072,0.224
2022,15860,40,3.0,1704.0,1207,420,77,0,13,88,20,75,0,0.95481220657277,0.22727272727272727
2022,15860,41,2.0,2033.0,1477,486,70,0,23,86,29,95,0,0.9655681259222824,0.3372093023255814
2022,15860,42,3.0,1636.0,1190,393,53,0,7,88,40,65,0,0.96760391198044,0.45454545454545453
2022,15860,43,1.0,1955.0,1441,464,50,0,6,176,59,109,0,0.9744245524296675,0.3352272727272727
2022,15860,44,3.0,1373.0,1008,309,56,0,6,190,20,52,0,0.9592134013109979,0.10526315789473684
2022,15860,45,3.0,1418.0,1024,351,43,0,7,71,23,59,0,0.9696755994358252,0.323943661971831
2022,15860,46,3.0,1484.0,1043,390,51,0,9,78,29,63,0,0.965633423180593,0.3717948717948718
2022,15860,47,1.0,1908.0,1434,425,49,0,8,130,28,74,0,0.9743186582809225,0.2153846153846154
2022,15860,48,1.0,1911.0,1372,451,88,2,7,142,24,68,0,0.9539508110936682,0.16901408450704225
2022,15860,49,2.0,1855.0,1301,467,87,1,11,139,32,102,0,0.953099730458221,0.2302158273381295
2022,15860,50,3.0,1129.0,770,313,46,0,22,130,21,77,0,0.9592559787422498,0.16153846153846155
2022,15860,51,1.0,1967.0,1409,503,55,1,13,86,34,176,0,0.9720386375190646,0.3953488372093023
2022,15860,52,1.0,1950.0,1382,494,74,0,18,134,26,114,0,0.9620512820512821,0.19402985074626866
2022,15860,53,3.0,1440.0,994,379,67,1,15,120,38,58,0,0.9534722222222223,0.31666666666666665
2022,15860,55,2.0,1501.0,997,350,154,0,30,298,44,51,0,0.8974017321785477,0.1476510067114094
2022,15860,56,2.0,1444.0,1036,342,66,0,8,162,23,64,0,0.9542936288088643,0.1419753086419753
2022,15860,58,3.0,812.0,564,195,53,0,5,68,25,51,0,0.9347290640394089,0.36764705882352944
2022,15860,59,3.0,1315.0,913,336,66,0,26,78,37,28,0,0.9498098859315589,0.47435897435897434
2022,15860,60,3.0,1533.0,1095,395,43,1,6,52,21,83,0,0.9719504240052185,0.40384615384615385
2022,15860,61,1.0,2172.0,1539,555,78,0,16,112,54,117,0,0.9640883977900553,0.48214285714285715
2022,15860,62,1.0,1882.0,1350,472,60,0,9,202,31,82,0,0.9681190223166843,0.15346534653465346
2022,15860,65,2.0,1499.0,1100,339,60,1,13,144,26,48,0,0.9599733155436958,0.18055555555555555
2022,15860,67,1.0,1918.0,1390,457,71,0,14,122,30,120,0,0.9629822732012513,0.2459016393442623
2022,15860,69,3.0,1243.0,855,317,71,1,15,98,22,49,0,0.9428801287208367,0.22448979591836735
2022,15860,71,1.0,1658.0,1223,394,41,1,11,78,36,97,0,0.9752714113389626,0.46153846153846156
2022,15860,72,1.0,1632.0,1248,325,59,0,5,104,36,46,0,0.9638480392156863,0.34615384615384615
2022,15860,73,3.0,1205.0,862,279,64,0,7,116,14,68,0,0.9468879668049792,0.1206896551724138
2022,15860,74,2.0,1639.0,1140,433,66,0,14,146,54,72,0,0.959731543624161,0.3698630136986301
2022,15860,75,3.0,1512.0,1050,382,80,1,14,92,38,62,0,0.9470899470899471,0.41304347826086957
2022,15860,76,3.0,1520.0,1072,386,62,0,8,120,26,76,0,0.9592105263157895,0.21666666666666667
2022,15860,77,1.0,2058.0,1436,561,61,0,19,84,24,150,0,0.9703595724003887,0.2857142857142857
2022,15860,78,3.0,1470.0,1086,336,48,0,10,86,14,50,0,0.9673469387755103,0.16279069767441862
2022,15860,80,1.0,1324.0,931,346,47,0,11,72,29,43,0,0.9645015105740181,0.4027777777777778
2022,15860,81,1.0,2084.0,1500,516,68,0,10,100,37,126,0,0.9673704414587332,0.37
2022,15860,83,1.0,1664.0,1199,423,42,0,3,82,40,78,0,0.9747596153846154,0.4878048780487805
2022,15860,84,3.0,1474.0,1069,347,58,0,17,74,43,65,0,0.9606512890094979,0.581081081081081
2022,15860,87,1.0,2014.0,1446,500,68,0,21,154,35,64,0,0.9662363455809335,0.22727272727272727
2022,15860,88,3.0,1447.0,1027,384,36,0,19,99,38,120,0,0.9751209398756047,0.3838383838383838
2022,15860,89,3.0,1352.0,867,382,103,1,19,168,38,53,0,0.9238165680473372,0.2261904761904762
2022,15860,90,1.0,2160.0,1552,551,57,0,4,66,26,98,0,0.9736111111111111,0.3939393939393939
2022,15860,91,2.0,1873.0,1370,460,43,1,6,50,25,111,0,0.9770421783235451,0.5
2022,15860,92,2.0,1928.0,1366,502,60,0,26,86,26,156,0,0.9688796680497925,0.3023255813953488
2022,15860,93,2.0,1876.0,1338,487,51,0,34,72,21,122,0,0.9728144989339019,0.2916666666666667
2022,15860,94,1.0,1938.0,1387,470,81,3,11,74,51,115,0,0.958204334365325,0.6891891891891891
2022,15860,95,2.0,1784.0,1239,483,62,0,6,80,22,148,0,0.9652466367713004,0.275
2022,15860,96,1.0,2076.0,1481,524,71,0,5,55,41,103,0,0.9657996146435452,0.7454545454545455
2022,15860,97,1.0,2037.0,1460,521,56,0,7,68,47,87,0,0.9725085910652921,0.6911764705882353
2022,15860,98,2.0,1732.0,1237,442,53,0,9,58,17,99,0,0.9693995381062356,0.29310344827586204
2022,15860,99,1.0,2032.0,1488,494,50,1,2,58,45,95,0,0.9753937007874016,0.7758620689655172
2022,15860,100,2.0,1798.0,1257,452,89,0,20,88,34,104,0,0.9505005561735261,0.38636363636363635
2022,15860,101,1.0,2092.0,1439,595,58,0,5,82,27,140,0,0.9722753346080306,0.32926829268292684
2022,15860,102,1.0,2112.0,1500,565,47,1,7,128,44,120,0,0.9777462121212122,0.34375
2022,15860,103,2.0,1623.0,1152,391,80,0,14,96,32,67,0,0.9507085643869377,0.3333333333333333
2022,15860,104,1.0,2148.0,1557,531,60,0,5,78,53,114,0,0.9720670391061452,0.6794871794871795
2022,15860,105,3.0,1671.0,1194,414,63,0,17,60,44,95,0,0.9622980251346499,0.7333333333333333
2022,15860,106,2.0,1488.0,1080,362,46,1,7,60,31,63,0,0.9690860215053764,0.5166666666666667
2022,15860,107,1.0,2095.0,1492,544,59,0,11,66,28,118,0,0.9718377088305489,0.42424242424242425
2022,15860,108,1.0,1489.0,1066,366,57,1,25,78,47,84,0,0.9617192746809939,0.6025641025641025
2022,15860,109,1.0,2135.0,1519,558,58,0,4,99,30,101,0,0.9728337236533958,0.30303030303030304
2022,15860,110,1.0,2346.0,1731,553,62,0,9,46,33,74,0,0.9735720375106565,0.717391304347826
2022,15860,111,1.0,1859.0,1353,455,51,0,4,156,38,105,0,0.9725658956428187,0.24358974358974358
2022,15860,112,1.0,2096.0,1481,548,67,0,12,106,37,96,0,0.9680343511450382,0.3490566037735849
2022,15860,114,3.0,1355.0,918,380,57,1,19,58,27,67,0,0.9579335793357934,0.46551724137931033
2022,15860,115,1.0,2226.0,1602,553,71,0,7,228,38,85,0,0.968104222821204,0.16666666666666666
2022,15860,116,1.0,1929.0,1397,461,71,2,22,100,25,101,0,0.9631933644375325,0.25
2022,15860,118,3.0,1128.0,782,293,53,0,9,94,27,37,0,0.9530141843971631,0.2872340425531915
2022,15860,120,3.0,1418.0,1001,352,65,0,15,162,33,44,0,0.9541607898448519,0.2037037037037037
2022,15860,121,3.0,1384.0,970,350,64,0,24,138,32,55,0,0.953757225433526,0.2318840579710145
2022,15860,122,3.0,1525.0,1055,415,55,0,13,130,44,103,0,0.9639344262295082,0.3384615384615385
2022,15860,123,3.0,1082.0,751,282,49,0,9,134,27,73,0,0.9547134935304991,0.20149253731343283
2022,15860,124,3.0,1841.0,1290,457,94,1,30,128,36,80,0,0.948940793047257,0.28125
2022,15860,125,3.0,1688.0,1159,471,58,0,7,98,32,94,0,0.9656398104265402,0.32653061224489793
2022,15860,126,3.0,1378.0,936,371,71,0,18,92,34,70,0,0.9484760522496372,0.3695652173913043
2022,15860,128,1.0,2180.0,1567,552,61,0,18,124,28,123,0,0.9720183486238532,0.22580645161290322
2022,15860,129,1.0,2088.0,1538,494,56,0,19,102,36,73,0,0.9731800766283525,0.35294117647058826
2022,15860,130,2.0,1991.0,1412,525,54,0,13,74,16,89,0,0.9728779507785033,0.21621621621621623
2022,15860,132,3.0,1518.0,1036,414,68,0,23,106,29,91,0,0.9552042160737813,0.27358490566037735
2022,15860,134,3.0,1817.0,1292,455,70,0,19,176,35,87,0,0.96147495872317,0.19886363636363635
2022,15860,137,3.0,1430.0,988,368,74,0,5,90,29,46,0,0.9482517482517483,0.32222222222222224
2022,15860,139,3.0,1483.0,1090,342,51,0,11,100,24,70,0,0.9656102494942683,0.24
2022,15860,140,1.0,1994.0,1408,526,60,0,13,96,39,109,0,0.9699097291875627,0.40625
2022,15860,141,1.0,2098.0,1486,526,86,4,8,81,31,114,0,0.9590085795996187,0.38271604938271603
2022,15860,142,3.0,1364.0,979,327,58,1,19,102,19,68,0,0.9574780058651027,0.18627450980392157
2022,15860,143,2.0,1339.0,962,302,75,0,25,212,41,45,0,0.9439880507841673,0.19339622641509435
2022,15860,144,2.0,1280.0,884,291,105,2,31,166,21,64,0,0.91796875,0.12650602409638553
2022,15860,145,3.0,1267.0,869,341,57,0,10,104,20,75,0,0.9550118389897395,0.19230769230769232
2022,15860,146,3.0,1065.0,747,284,34,0,10,58,24,45,0,0.968075117370892,0.41379310344827586
2022,15860,147,1.0,2125.0,1532,536,57,0,12,109,44,115,0,0.9731764705882353,0.4036697247706422
2022,15860,149,1.0,2189.0,1554,578,57,1,10,98,32,144,0,0.9739607126541799,0.32653061224489793
2022,15860,150,3.0,1603.0,1111,425,67,1,14,78,42,104,0,0.958203368683718,0.5384615384615384
2022,15860,151,3.0,1328.0,934,335,59,0,21,120,28,86,0,0.9555722891566265,0.23333333333333334
2022,15860,152,3.0,1126.0,774,287,65,0,20,140,20,36,0,0.9422735346358793,0.14285714285714285
2022,15860,155,2.0,1743.0,1251,436,56,0,5,60,25,82,0,0.9678714859437751,0.4166666666666667
2022,15860,158,1.0,1825.0,1297,472,56,1,11,44,33,89,0,0.9693150684931506,0.75
2022,15860,159,2.0,2086.0,1485,538,63,0,4,85,19,143,0,0.9697986577181208,0.2235294117647059
2022,15860,160,3.0,1479.0,1024,369,86,0,18,100,26,69,0,0.9418526031102096,0.26
2022,15860,161,3.0,1025.0,725,259,41,0,4,64,14,48,0,0.96,0.21875
2022,15860,164,1.0,2337.0,1777,499,61,0,7,96,48,96,0,0.9738981600342319,0.5
2022,15860,165,1.0,1860.0,1320,470,70,0,14,256,38,91,0,0.9623655913978495,0.1484375
2022,15860,166,3.0,1567.0,1052,430,85,1,23,108,39,67,0,0.9457562220804084,0.3611111111111111
2022,15860,167,1.0,1316.0,931,325,60,1,20,138,21,52,0,0.9544072948328267,0.15217391304347827
2022,15860,168,3.0,1729.0,1220,464,45,1,13,65,23,108,0,0.9739733950260266,0.35384615384615387
2022,15860,169,1.0,1788.0,1290,449,49,0,18,110,31,58,0,0.9725950782997763,0.2818181818181818
2022,15860,170,3.0,1279.0,931,313,35,0,13,86,25,50,0,0.9726348709929633,0.29069767441860467
2022,15860,172,1.0,1535.0,1122,368,45,0,12,110,19,51,0,0.9706840390879479,0.17272727272727273
2022,15860,173,1.0,2042.0,1491,497,54,0,10,42,23,80,0,0.9735553379040157,0.5476190476190477
2022,15860,174,2.0,1247.0,874,298,75,3,16,148,20,32,0,0.9398556535685646,0.13513513513513514
2022,15860,175,1.0,1812.0,1302,422,88,4,21,124,36,83,0,0.9514348785871964,0.2903225806451613
2022,15860,177,3.0,1330.0,964,302,64,0,14,144,18,49,0,0.9518796992481203,0.125
2022,15860,178,1.0,1582.0,1112,403,67,0,17,166,49,61,0,0.9576485461441213,0.29518072289156627
2022,15860,179,3.0,1318.0,915,332,71,1,10,135,27,46,0,0.9461305007587253,0.2
2022,15860,180,1.0,1866.0,1333,474,59,1,15,98,33,101,0,0.9683815648445874,0.336734693877551
2022,15860,181,2.0,1648.0,1205,404,39,1,6,84,19,95,0,0.9763349514563107,0.2261904761904762
2022,15860,182,3.0,1712.0,1190,465,57,0,11,69,52,87,0,0.9667056074766355,0.7536231884057971
2022,15860,185,3.0,1340.0,944,325,71,0,18,122,25,75,0,0.9470149253731344,0.20491803278688525
2022,15860,190,3.0,1437.0,975,393,69,0,17,210,39,83,0,0.9519832985386222,0.18571428571428572
2022,15860,192,3.0,1482.0,1018,400,64,1,12,66,29,59,0,0.9568151147098516,0.4393939393939394
2022,15860,193,1.0,1933.0,1434,449,50,0,10,68,17,67,0,0.9741334712881531,0.25
2022,15860,195,3.0,1483.0,1034,390,59,0,17,102,28,51,0,0.9602157788267026,0.27450980392156865
2022,15860,196,1.0,2395.0,1792,564,39,0,17,140,43,121,0,0.9837160751565762,0.30714285714285716
2022,15860,197,2.0,2052.0,1483,511,58,0,7,104,39,111,0,0.9717348927875243,0.375
2022,15860,198,1.0,1895.0,1347,489,59,0,5,80,36,65,0,0.9688654353562005,0.45
2022,15860,200,3.0,1914.0,1356,507,51,0,10,62,33,97,0,0.9733542319749217,0.532258064516129
2022,15860,202,1.0,2102.0,1531,519,52,1,10,94,26,126,0,0.9752616555661275,0.2765957446808511
2022,15860,203,3.0,1293.0,927,309,57,1,19,132,46,43,0,0.9559164733178654,0.3484848484848485
2022,15860,204,1.0,1888.0,1362,473,53,1,20,84,44,79,0,0.971927966101695,0.5238095238095238
2022,15860,205,2.0,1743.0,1249,414,80,0,16,100,19,84,0,0.9541021227768216,0.19
2022,15860,206,2.0,1544.0,1103,362,79,0,21,130,23,94,0,0.9488341968911918,0.17692307692307693
2022,15860,208,2.0,1872.0,1304,510,58,0,6,124,31,106,0,0.969017094017094,0.25
2022,15860,211,3.0,1568.0,1118,382,68,0,16,146,30,53,0,0.9566326530612245,0.2054794520547945
2022,15860,212,3.0,1252.0,873,330,49,1,17,130,21,40,0,0.9608626198083067,0.16153846153846155
2022,15860,213,3.0,1241.0,859,327,55,1,18,135,25,58,0,0.9556809024979855,0.18518518518518517
2022,15860,214,3.0,1142.0,794,289,59,1,12,133,16,62,0,0.9483362521891419,0.12030075187969924
2022,15860,216,2.0,1139.0,815,275,49,0,4,146,24,36,0,0.9569798068481123,0.1643835616438356
2022,15860,217,3.0,1405.0,969,366,70,0,13,186,17,66,0,0.9501779359430605,0.0913978494623656
2022,15860,218,3.0,1274.0,909,307,58,0,22,126,17,45,0,0.9544740973312402,0.1349206349206349
2022,15860,219,1.0,2000.0,1444,508,48,0,15,108,16,139,0,0.976,0.14814814814814814
2022,15860,220,1.0,1903.0,1376,468,59,0,9,117,34,104,0,0.9689963215974776,0.2905982905982906
2022,15860,221,3.0,1400.0,958,390,52,0,7,68,42,46,0,0.9628571428571429,0.6176470588235294
2022,15860,222,1.0,1986.0,1421,495,70,0,11,98,35,115,0,0.9647532729103726,0.35714285714285715
2022,15860,225,3.0,1496.0,1040,384,72,0,6,82,41,78,0,0.9518716577540107,0.5
2022,15860,227,3.0,1260.0,889,280,91,3,18,152,20,38,0,0.9277777777777778,0.13157894736842105
2022,15860,228,1.0,2104.0,1509,504,91,1,18,124,40,71,0,0.9567490494296578,0.3225806451612903
2022,15860,229,1.0,2057.0,1540,466,51,0,6,66,37,74,0,0.9752066115702479,0.5606060606060606
2022,15860,230,2.0,1828.0,1319,458,51,0,4,96,48,85,0,0.9721006564551422,0.5
2022,15860,231,1.0,1786.0,1332,391,63,0,22,176,30,95,0,0.9647256438969765,0.17045454545454544
2022,15860,233,2.0,1817.0,1323,430,64,0,12,158,32,94,0,0.9647771051183269,0.20253164556962025
2022,15860,234,1.0,2179.0,1602,504,73,2,30,38,27,84,0,0.9664983937586049,0.7105263157894737
2022,15860,235,1.0,2396.0,1761,590,45,1,10,82,20,125,0,0.9812186978297162,0.24390243902439024
2022,15860,236,1.0,1877.0,1353,467,57,1,13,126,39,96,0,0.9696323921150772,0.30952380952380953
2022,15860,238,3.0,1217.0,866,278,73,0,16,153,29,67,0,0.9400164338537387,0.1895424836601307
2022,15860,239,3.0,1341.0,974,311,56,0,7,132,11,44,0,0.9582401193139448,0.08333333333333333
2022,15860,241,2.0,1670.0,1183,413,74,1,15,104,25,71,0,0.9556886227544911,0.2403846153846154
2022,15860,242,3.0,1164.0,780,319,65,0,16,136,45,71,0,0.9441580756013745,0.33088235294117646
2022,15860,245,3.0,1295.0,864,300,131,1,47,167,17,42,0,0.8988416988416988,0.10179640718562874
2022,15860,246,2.0,1418.0,1041,330,47,2,5,70,41,44,0,0.9668547249647391,0.5857142857142857
2022,15860,248,1.0,2047.0,1467,512,68,0,13,168,24,137,0,0.966780654616512,0.14285714285714285
2022,15860,249,1.0,1892.0,1363,464,65,0,20,88,41,67,0,0.9656448202959831,0.4659090909090909
2022,15860,251,1.0,2068.0,1485,517,66,0,12,94,32,93,0,0.9680851063829787,0.3404255319148936
2022,15860,253,1.0,2267.0,1617,609,41,0,7,106,27,118,0,0.9819144243493604,0.25471698113207547
2022,15860,254,1.0,2038.0,1486,480,72,1,14,98,45,88,0,0.9646712463199215,0.45918367346938777
2022,15860,255,1.0,2118.0,1591,459,68,1,12,92,25,75,0,0.9678942398489141,0.2717391304347826
2022,15860,257,1.0,2074.0,1557,472,45,0,10,86,26,98,0,0.9783027965284474,0.3023255813953488
2022,15860,258,3.0,1389.0,957,360,72,1,14,86,40,49,0,0.9481641468682506,0.46511627906976744
2022,15860,259,3.0,1613.0,1141,408,64,0,7,72,20,83,0,0.9603223806571606,0.2777777777777778
2022,15860,260,1.0,2033.0,1513,477,43,0,11,118,38,93,0,0.9788489916379735,0.3220338983050847
2022,15860,261,1.0,1976.0,1396,474,106,0,33,120,44,78,3,0.9463562753036437,0.36666666666666664
2022,15860,262,2.0,1702.0,1212,431,59,0,10,108,22,59,0,0.9653349001175088,0.2037037037037037
2022,15860,263,3.0,1335.0,929,326,80,0,8,144,17,41,0,0.9400749063670412,0.11805555555555555
2022,15860,264,3.0,1249.0,866,305,78,0,20,123,22,39,0,0.9375500400320256,0.17886178861788618
2022,15860,265,3.0,1518.0,1063,392,63,0,12,86,12,75,0,0.958498023715415,0.13953488372093023
2022,15860,267,3.0,1239.0,921,282,36,0,8,120,22,42,0,0.9709443099273608,0.18333333333333332
2022,15860,268,3.0,1272.0,901,319,52,0,16,106,34,42,0,0.9591194968553459,0.32075471698113206
2022,15860,269,3.0,1422.0,1007,353,62,0,9,110,22,55,0,0.9563994374120957,0.2
2022,15860,271,3.0,1538.0,1054,413,71,0,7,90,30,94,0,0.9538361508452535,0.3333333333333333
2022,15860,272,1.0,1891.0,1290,515,86,6,24,182,45,79,0,0.9545214172395557,0.24725274725274726
2022,15860,275,1.0,1429.0,1071,309,49,0,15,108,42,51,0,0.9657102869139258,0.3888888888888889
2022,15860,276,3.0,1343.0,942,339,62,0,14,128,28,71,0,0.9538346984363366,0.21875
2022,15860,277,1.0,1971.0,1394,520,57,1,15,56,29,120,0,0.9710806697108066,0.5178571428571429
2022,15860,278,3.0,1506.0,1039,410,57,0,16,147,44,93,0,0.9621513944223108,0.29931972789115646
2022,15860,279,3.0,700.0,501,142,57,0,20,142,24,22,0,0.9185714285714286,0.16901408450704225
2022,15860,280,2.0,1615.0,1132,400,83,0,14,126,22,110,0,0.9486068111455108,0.1746031746031746
2022,15860,281,3.0,1351.0,942,318,91,0,11,108,24,41,0,0.9326424870466321,0.2222222222222222
2022,15860,283,1.0,1967.0,1413,502,52,0,17,152,50,103,0,0.9735638027452974,0.32894736842105265
2022,15860,285,1.0,1904.0,1332,483,89,0,11,132,37,102,0,0.9532563025210085,0.2803030303030303
2022,15860,287,1.0,1871.0,1339,443,89,0,19,142,34,71,0,0.9524318546231961,0.23943661971830985
2022,15860,288,1.0,2260.0,1617,607,36,0,9,74,54,106,0,0.984070796460177,0.7297297297297297
2022,15860,296,3.0,1346.0,985,318,43,2,13,90,23,68,0,0.9680534918276374,0.25555555555555554
2022,15860,297,3.0,1451.0,1037,375,39,0,14,114,29,59,0,0.9731219848380427,0.2543859649122807
2022,15860,299,1.0,1818.0,1349,424,45,0,9,114,30,89,0,0.9752475247524752,0.2631578947368421
2022,15860,300,3.0,1268.0,893,328,47,0,12,118,31,48,0,0.9629337539432177,0.2627118644067797
2022,15860,301,1.0,1936.0,1406,484,46,0,10,52,28,97,0,0.9762396694214877,0.5384615384615384
2022,15860,302,1.0,1711.0,1206,446,59,2,4,56,27,120,0,0.9655172413793104,0.48214285714285715
2022,15860,303,3.0,1577.0,1107,385,85,0,10,84,24,74,0,0.9461001902346227,0.2857142857142857
2022,15860,305,1.0,1780.0,1296,436,48,0,21,74,34,71,0,0.9730337078651685,0.4594594594594595
2022,15860,306,1.0,2057.0,1538,456,63,0,14,104,19,86,0,0.9693728731161886,0.18269230769230768
2022,15860,307,2.0,1396.0,1046,303,47,1,23,106,41,64,0,0.9663323782234957,0.3867924528301887
2022,15860,308,1.0,1901.0,1356,475,70,1,12,125,47,107,0,0.9631772751183587,0.376
2022,15860,309,2.0,1739.0,1231,433,75,0,14,184,44,69,0,0.9568717653824037,0.2391304347826087
2022,15860,310,1.0,1612.0,1165,367,80,2,30,238,40,46,0,0.9503722084367245,0.16806722689075632
2022,15860,312,1.0,1975.0,1468,456,51,1,11,72,13,75,0,0.9741772151898734,0.18055555555555555
2022,15860,313,3.0,1753.0,1227,454,72,0,15,124,42,99,0,0.9589275527666857,0.3387096774193548
2022,15860,314,1.0,1907.0,1405,423,79,1,14,203,51,59,0,0.9585736759307814,0.2512315270935961
2022,15860,315,1.0,2113.0,1463,591,59,0,8,78,45,141,0,0.972077614765736,0.5769230769230769
2022,15860,316,1.0,2026.0,1476,492,58,3,27,160,41,100,0,0.9713721618953604,0.25625
2022,15860,317,1.0,1947.0,1386,505,56,0,10,136,31,98,0,0.9712378017462763,0.22794117647058823
2022,15860,320,3.0,1355.0,962,344,49,0,17,160,41,79,0,0.9638376383763838,0.25625
2022,15860,321,3.0,1089.0,763,266,60,0,11,242,36,60,0,0.9449035812672176,0.1487603305785124
2022,15860,322,3.0,1419.0,992,371,56,0,11,98,38,52,0,0.9605355884425651,0.3877551020408163
2022,15860,325,3.0,1276.0,880,315,81,1,22,148,27,73,0,0.9365203761755486,0.18243243243243243
2022,15860,327,1.0,2128.0,1520,537,71,0,13,124,36,92,0,0.9666353383458647,0.2903225806451613
2022,15860,328,1.0,2020.0,1424,540,56,0,19,106,34,120,0,0.9722772277227723,0.32075471698113206
2022,15860,329,3.0,1690.0,1178,459,53,0,13,60,35,114,0,0.9686390532544379,0.5833333333333334
2022,15860,330,3.0,1183.0,842,263,78,0,17,161,30,30,0,0.9340659340659341,0.18633540372670807
2022,15860,331,1.0,1882.0,1333,489,60,0,8,84,33,86,0,0.9681190223166843,0.39285714285714285
2022,15860,332,2.0,1462.0,997,362,103,0,10,167,41,33,0,0.9295485636114911,0.24550898203592814
2022,15860,333,2.0,1701.0,1254,382,65,0,17,138,39,83,0,0.9617871840094062,0.2826086956521739
2022,15860,334,1.0,2061.0,1539,474,48,1,7,90,19,95,0,0.9767103347889374,0.2111111111111111
2022,15860,335,3.0,1204.0,867,292,45,0,11,100,28,78,0,0.9626245847176079,0.28
2022,15860,336,3.0,1082.0,758,275,49,1,13,78,28,47,0,0.9547134935304991,0.358974358974359
2022,15860,337,3.0,1219.0,840,283,96,1,12,186,22,45,0,0.9212469237079574,0.11827956989247312
2022,15860,339,2.0,1445.0,1059,315,71,2,24,254,27,46,0,0.9508650519031142,0.1062992125984252
2022,15860,341,3.0,1585.0,1109,408,68,0,15,38,28,90,0,0.9570977917981073,0.7368421052631579
2022,15860,342,1.0,1665.0,1209,381,75,0,17,152,20,63,3,0.954954954954955,0.13157894736842105
2022,15860,346,1.0,2130.0,1536,530,64,1,11,74,37,89,0,0.9699530516431925,0.5
2022,15860,347,2.0,1092.0,741,258,93,0,9,216,31,42,0,0.9148351648351648,0.14351851851851852
2022,15860,348,3.0,1404.0,969,373,62,0,16,90,24,96,0,0.9558404558404558,0.26666666666666666
2022,15860,349,2.0,1604.0,1155,396,53,0,3,126,29,78,0,0.9669576059850374,0.23015873015873015
2022,15860,350,2.0,907.0,634,195,78,2,18,240,21,22,0,0.9140022050716649,0.0875
2022,15860,351,3.0,1731.0,1190,432,109,1,11,136,35,103,0,0.9370306181398036,0.25735294117647056
2022,15860,352,1.0,1796.0,1233,498,65,1,11,110,41,98,0,0.9638084632516704,0.37272727272727274
2022,15860,354,2.0,1559.0,1110,392,57,0,12,140,37,90,0,0.9634381013470174,0.2642857142857143
2022,15860,355,1.0,2215.0,1605,551,59,1,10,96,34,102,0,0.9733634311512416,0.3541666666666667
2022,15860,357,2.0,1290.0,878,316,96,0,21,230,25,47,0,0.9255813953488372,0.10869565217391304
2022,15860,358,2.0,1651.0,1170,388,93,0,29,142,40,78,0,0.9436705027256208,0.28169014084507044
2022,15860,360,2.0,1320.0,964,301,55,0,13,138,17,42,0,0.9583333333333334,0.12318840579710146
2022,15860,361,1.0,2134.0,1550,491,93,2,14,94,43,77,0,0.9564198687910028,0.4574468085106383
2022,15860,363,1.0,1981.0,1386,525,70,0,14,166,36,109,0,0.9646643109540636,0.21686746987951808
2022,15860,364,3.0,1482.0,1072,372,38,0,8,62,40,46,0,0.9743589743589743,0.6451612903225806
2022,15860,365,1.0,2158.0,1638,438,82,1,18,62,19,80,0,0.9620018535681186,0.3064516129032258
2022,15860,366,1.0,2365.0,1703,597,65,4,9,86,42,133,0,0.9725158562367865,0.4883720930232558
2022,15860,367,1.0,2275.0,1726,490,59,1,9,80,28,105,0,0.9740659340659341,0.35
2022,15860,368,1.0,2083.0,1529,489,65,1,8,100,51,103,0,0.9687950072011522,0.51
2022,15860,370,1.0,2099.0,1485,545,69,0,17,96,24,101,0,0.9671272034302049,0.25
2022,15860,372,3.0,1525.0,1047,417,61,0,20,56,42,71,0,0.96,0.75
2022,15860,374,3.0,1817.0,1269,474,74,0,14,82,23,85,0,0.9592735277930655,0.2804878048780488
2022,15860,379,3.0,1034.0,715,240,79,0,17,168,26,30,0,0.9235976789168279,0.15476190476190477
2022,15860,380,1.0,1727.0,1279,389,59,1,12,136,36,80,0,0.965836711059641,0.2647058823529412
2022,15860,381,1.0,1786.0,1281,447,58,0,13,131,39,62,0,0.9675251959686451,0.29770992366412213
2022,15860,382,3.0,1349.0,904,380,65,0,20,112,24,47,0,0.9518161601186064,0.21428571428571427
2022,15860,383,2.0,1597.0,1176,377,44,0,9,64,33,72,0,0.9724483406386976,0.515625
2022,15860,384,2.0,1566.0,1105,378,83,2,20,172,21,65,0,0.9469987228607918,0.12209302325581395
2022,15860,385,3.0,1960.0,1344,579,37,2,9,74,34,142,4,0.9811224489795919,0.4594594594594595
2022,15860,386,1.0,1612.0,1198,351,63,0,8,80,32,67,0,0.9609181141439206,0.4
2022,15860,388,1.0,1997.0,1435,493,69,2,8,94,46,105,0,0.9654481722583875,0.48936170212765956
2022,15860,389,3.0,1369.0,948,313,108,0,20,228,26,66,0,0.9211102994886778,0.11403508771929824
2022,15860,390,3.0,1412.0,998,314,100,0,11,116,20,68,0,0.9291784702549575,0.1724137931034483
2022,15860,391,1.0,2004.0,1438,488,78,1,11,140,40,57,0,0.9610778443113772,0.2857142857142857
2022,15860,392,1.0,2330.0,1671,597,62,0,18,126,40,84,0,0.9733905579399141,0.31746031746031744
2022,15860,393,1.0,1819.0,1262,457,100,1,14,186,42,112,0,0.9450247388675096,0.22580645161290322
2022,15860,394,3.0,1489.0,1034,399,56,0,11,88,31,62,0,0.9623908663532572,0.3522727272727273
2022,15860,395,2.0,1749.0,1248,451,50,0,10,104,20,76,0,0.9714122355631789,0.19230769230769232
2022,15860,396,3.0,1401.0,983,359,59,0,20,120,28,66,0,0.9578872234118487,0.23333333333333334
2022,15860,397,3.0,1179.0,849,281,49,1,24,112,15,54,0,0.9584393553859203,0.13392857142857142
2022,15860,398,3.0,1511.0,1059,366,86,0,17,162,38,55,0,0.9430840502978161,0.2345679012345679
2022,15860,399,3.0,1414.0,976,389,49,0,5,88,26,86,0,0.9653465346534653,0.29545454545454547
2022,15860,400,1.0,1760.0,1264,446,50,0,20,137,40,123,0,0.9715909090909091,0.291970802919708
2022,15860,401,3.0,1450.0,1073,324,53,0,10,106,22,69,0,0.9634482758620689,0.20754716981132076
2022,15860,402,1.0,2096.0,1519,513,64,4,6,110,31,88,0,0.9694656488549618,0.2818181818181818
2022,15860,404,1.0,1921.0,1435,438,48,0,11,124,45,68,0,0.9750130140551796,0.3629032258064516
2022,15860,406,1.0,2100.0,1546,490,64,0,12,68,29,91,0,0.9695238095238096,0.4264705882352941
2022,15860,407,2.0,1639.0,1167,411,61,2,11,122,32,60,0,0.9627821842586943,0.26229508196721313
2022,15860,408,2.0,1579.0,1112,417,50,0,24,130,34,54,0,0.9683343888537049,0.26153846153846155
2022,15860,410,1.0,1761.0,1244,452,65,0,7,164,54,98,0,0.9630891538898353,0.32926829268292684
2022,15860,411,3.0,1494.0,1011,418,65,1,28,108,44,73,0,0.9564926372155288,0.4074074074074074
2022,15860,412,3.0,1629.0,1123,449,57,2,9,100,28,91,0,0.9650092081031307,0.28
2022,15860,413,2.0,1976.0,1386,527,63,0,12,112,40,96,3,0.9681174089068826,0.35714285714285715
2022,15860,414,1.0,1904.0,1373,458,73,0,23,92,23,85,0,0.9616596638655462,0.25
2022,15860,415,1.0,2174.0,1602,507,65,1,13,40,22,118,0,0.9701011959521619,0.55
2022,15860,416,1.0,1971.0,1412,491,68,1,8,128,50,135,0,0.9654997463216641,0.390625
2022,15860,418,1.0,2243.0,1628,553,62,0,12,116,27,96,0,0.9723584485064646,0.23275862068965517
2022,15860,419,1.0,2039.0,1439,527,73,1,10,110,38,109,0,0.9641981363413438,0.34545454545454546
2022,15860,420,3.0,1601.0,1128,398,75,1,15,116,26,79,0,0.9531542785758901,0.22413793103448276
2022,15860,422,2.0,1648.0,1149,416,83,1,20,148,35,62,0,0.9496359223300971,0.23648648648648649
2022,15860,423,2.0,1825.0,1342,415,68,1,32,62,32,93,0,0.9627397260273972,0.5161290322580645
2022,15860,424,3.0,1570.0,1101,420,49,1,6,96,24,77,0,0.9687898089171975,0.25
2022,15860,426,3.0,1636.0,1141,417,78,0,33,172,35,50,0,0.9523227383863081,0.20348837209302326
2022,15860,427,2.0,1655.0,1162,430,63,0,11,94,53,71,0,0.9619335347432024,0.5638297872340425
2022,15860,428,1.0,1903.0,1366,471,66,0,8,177,33,70,0,0.9653179190751445,0.1864406779661017
2022,15860,429,2.0,1662.0,1138,446,78,0,12,136,15,123,0,0.9530685920577617,0.11029411764705882
2022,15860,430,1.0,1955.0,1469,452,34,1,3,48,19,98,0,0.9826086956521739,0.3958333333333333
2022,15860,431,3.0,775.0,524,193,58,0,25,138,32,11,0,0.9251612903225807,0.2318840579710145
2022,15860,432,1.0,1393.0,963,344,86,2,19,194,44,64,0,0.9382627422828428,0.2268041237113402
2022,15860,433,1.0,2218.0,1693,464,61,2,6,74,31,70,0,0.972497745716862,0.4189189189189189
2022,15860,434,1.0,1780.0,1315,423,42,0,16,64,13,120,0,0.9764044943820225,0.203125
2022,15860,435,2.0,1457.0,1052,339,66,1,14,126,24,58,0,0.9547014413177762,0.19047619047619047
2022,15860,436,2.0,1385.0,1008,315,62,0,24,202,23,48,0,0.9552346570397112,0.11386138613861387
2022,15860,437,2.0,2031.0,1410,550,71,0,11,98,26,108,0,0.9650418513047759,0.2653061224489796
2022,15860,438,3.0,1318.0,936,310,72,0,11,166,25,48,0,0.9453717754172989,0.15060240963855423
2022,15860,439,1.0,1829.0,1333,435,61,0,11,140,29,64,0,0.9666484417714598,0.20714285714285716
2022,15860,442,3.0,1582.0,1127,390,65,1,11,99,29,80,0,0.9589127686472819,0.29292929292929293
2022,15860,443,3.0,1441.0,991,386,64,1,17,94,40,70,0,0.9555863983344899,0.425531914893617
2022,15860,444,1.0,1957.0,1385,492,80,1,4,108,22,132,0,0.9591211037301993,0.2037037037037037
2022,15860,445,2.0,1228.0,852,277,99,1,13,193,30,57,0,0.9193811074918566,0.15544041450777202
2022,15860,450,1.0,1731.0,1219,437,75,1,11,166,39,98,0,0.9566724436741768,0.23493975903614459
2022,15860,451,3.0,1518.0,1018,433,67,0,13,104,34,90,0,0.955862977602108,0.3269230769230769
2022,15860,452,3.0,1463.0,1068,348,47,2,9,26,41,86,0,0.9678742310321258,1.5769230769230769
2022,15860,453,3.0,1317.0,932,322,63,0,15,86,19,58,0,0.9521640091116174,0.22093023255813954
2022,15860,454,1.0,2030.0,1460,494,76,0,18,158,34,86,0,0.9625615763546798,0.21518987341772153
2022,15860,455,3.0,1442.0,974,380,88,1,7,104,22,84,0,0.9389736477115118,0.21153846153846154
2022,15860,456,1.0,1944.0,1323,547,74,1,17,152,31,132,0,0.9619341563786008,0.20394736842105263
2022,15860,457,1.0,2352.0,1732,560,60,1,12,84,19,157,0,0.9744897959183674,0.2261904761904762
2022,15860,458,1.0,2087.0,1550,488,49,0,9,124,26,107,0,0.9765213224724485,0.20967741935483872
2022,15860,459,1.0,2323.0,1671,573,79,1,21,188,58,100,0,0.965992251399053,0.30851063829787234
2022,15860,460,1.0,2029.0,1465,509,55,2,10,95,41,116,0,0.9728930507639231,0.43157894736842106
2022,15860,462,3.0,1464.0,1046,354,64,0,16,110,35,73,0,0.9562841530054644,0.3181818181818182
2022,15860,463,1.0,1948.0,1374,514,60,3,6,74,24,85,0,0.9691991786447639,0.32432432432432434
2022,15860,464,1.0,2036.0,1496,478,62,0,11,134,53,79,0,0.9695481335952849,0.39552238805970147
2022,15860,465,1.0,2226.0,1561,585,80,1,9,110,18,129,0,0.9640610961365679,0.16363636363636364
2022,15860,466,1.0,2051.0,1463,528,60,1,3,68,29,138,0,0.9707459775719162,0.4264705882352941
2022,15860,467,3.0,1223.0,902,268,53,0,15,98,29,49,0,0.9566639411283728,0.29591836734693877
2022,15860,468,2.0,2056.0,1455,524,77,0,13,100,25,115,0,0.9625486381322957,0.25
2022,15860,470,2.0,1436.0,1021,354,61,0,7,120,34,54,0,0.9575208913649025,0.2833333333333333
2022,15860,471,1.0,1912.0,1374,486,52,0,4,90,35,102,0,0.9728033472803347,0.3888888888888889
2022,15860,472,1.0,2099.0,1500,528,71,0,8,98,46,124,0,0.9661743687470223,0.46938775510204084
2022,15860,473,1.0,2013.0,1398,538,77,0,8,98,21,147,0,0.9617486338797814,0.21428571428571427
2022,15860,474,1.0,1954.0,1392,499,63,0,7,120,39,146,0,0.9677584442169908,0.325
2022,15860,475,3.0,1245.0,885,318,42,1,11,86,45,45,0,0.9662650602409638,0.5232558139534884
2022,15860,478,3.0,1166.0,793,326,47,0,8,64,23,76,0,0.9596912521440824,0.359375
2022,15860,479,3.0,1065.0,771,246,48,0,12,92,39,32,0,0.9549295774647887,0.42391304347826086
2022,15860,480,3.0,970.0,679,205,86,0,21,250,19,26,0,0.911340206185567,0.076
2022,15860,482,1.0,1859.0,1397,409,53,0,20,120,44,64,0,0.9714900484131254,0.36666666666666664
2022,15860,483,1.0,1859.0,1320,482,57,0,5,140,17,68,0,0.9693383539537386,0.12142857142857143
2022,15860,484,3.0,1479.0,1045,368,66,0,13,116,38,57,0,0.9553752535496958,0.3275862068965517
2022,15860,485,1.0,1644.0,1124,410,110,0,47,271,27,67,0,0.9330900243309003,0.0996309963099631
2022,15860,486,3.0,1242.0,845,309,88,0,19,184,16,45,0,0.92914653784219,0.08695652173913043
2022,15860,487,1.0,1792.0,1321,405,66,1,17,112,57,81,0,0.9631696428571429,0.5089285714285714
2022,15860,488,1.0,1939.0,1405,456,78,0,21,162,51,95,0,0.9597730789066529,0.3148148148148148
2022,15860,490,1.0,2109.0,1537,494,78,2,17,66,25,109,0,0.9630156472261735,0.3787878787878788
2022,15860,491,3.0,1658.0,1159,409,90,3,16,96,42,78,0,0.9457177322074789,0.4375
2022,15860,492,3.0,1762.0,1275,404,83,1,8,94,23,65,0,0.952894438138479,0.24468085106382978
2022,15860,493,1.0,1762.0,1268,441,53,0,16,108,39,72,0,0.9699205448354143,0.3611111111111111
2022,15860,496,3.0,1471.0,1054,366,51,1,17,134,26,51,0,0.9653297076818491,0.19402985074626866
2022,15860,498,1.0,2082.0,1462,547,73,2,14,148,35,102,0,0.9649375600384246,0.23648648648648649
2022,15860,499,2.0,1655.0,1147,432,76,1,9,114,37,70,0,0.9540785498489426,0.32456140350877194
2022,15860,500,1.0,2281.0,1600,618,63,0,13,113,39,137,0,0.9723805348531346,0.34513274336283184
2022,15860,502,1.0,1733.0,1220,412,101,0,19,196,44,75,0,0.9417195614541258,0.22448979591836735
2022,15860,503,1.0,1781.0,1265,435,81,1,17,302,38,84,0,0.9545199326221224,0.12582781456953643
2022,15860,505,1.0,1914.0,1356,500,58,0,13,146,42,92,0,0.9696969696969697,0.2876712328767123
2022,15860,507,2.0,1637.0,1179,399,59,0,3,90,18,47,0,0.9639584605986561,0.2
2022,15860,508,1.0,1911.0,1374,477,60,0,11,180,36,89,0,0.9686028257456829,0.2
2022,15860,509,1.0,1843.0,1281,512,50,0,14,124,46,83,0,0.9728703201302225,0.3709677419354839
2022,15860,510,2.0,1968.0,1353,525,90,0,10,60,34,87,0,0.9542682926829268,0.5666666666666667
2022,15860,511,3.0,956.0,666,237,53,0,11,70,20,53,0,0.944560669456067,0.2857142857142857
2022,15860,513,1.0,2188.0,1553,591,44,0,15,68,32,117,0,0.979890310786106,0.47058823529411764
2022,15860,514,1.0,2012.0,1460,484,68,0,2,88,36,79,0,0.9662027833001988,0.4090909090909091
2022,15860,515,3.0,1318.0,906,347,65,1,21,184,34,64,0,0.9506828528072838,0.18478260869565216
2022,15860,516,3.0,1449.0,1023,328,98,0,15,74,20,66,0,0.9323671497584541,0.2702702702702703
2022,15860,517,3.0,1493.0,1014,399,80,1,12,142,44,81,0,0.9464166108506363,0.30985915492957744
2022,15860,518,1.0,1870.0,1333,453,84,0,11,142,31,55,0,0.9550802139037433,0.21830985915492956
2022,15860,519,1.0,1843.0,1307,481,55,0,20,110,28,101,0,0.9701573521432447,0.2545454545454545
2022,15860,520,3.0,1346.0,917,333,96,0,23,154,20,81,0,0.9286775631500743,0.12987012987012986
2022,15860,521,1.0,2307.0,1713,544,50,1,8,125,33,94,0,0.9783268313827481,0.264
2022,15860,522,1.0,2499.0,1843,585,71,2,19,104,47,117,0,0.9715886354541817,0.4519230769230769
2022,15860,523,1.0,2168.0,1574,544,50,0,9,150,25,79,0,0.9769372693726938,0.16666666666666666
2022,15860,524,3.0,1078.0,757,254,67,0,17,186,26,52,0,0.937847866419295,0.13978494623655913
2022,15860,525,3.0,1131.0,788,284,59,0,19,152,27,45,0,0.9478337754199824,0.17763157894736842
2022,15860,526,3.0,1215.0,849,306,60,0,33,142,9,49,0,0.9506172839506173,0.06338028169014084
2022,15860,527,1.0,2090.0,1518,524,48,0,6,64,23,102,0,0.9770334928229665,0.359375
2022,15860,528,1.0,2391.0,1784,564,43,0,6,63,24,146,0,0.9820158929318277,0.38095238095238093
2022,15860,529,1.0,2223.0,1617,559,47,1,8,74,33,149,0,0.9788573999100315,0.44594594594594594
2022,15860,530,3.0,1667.0,1171,431,65,1,10,110,30,53,0,0.9610077984403119,0.2727272727272727
2022,15860,531,3.0,1502.0,1049,404,49,0,8,144,34,92,0,0.9673768308921438,0.2361111111111111
2022,15860,532,3.0,1141.0,803,274,64,1,18,63,27,60,0,0.9439088518843121,0.42857142857142855
2022,15860,533,2.0,1505.0,1050,395,60,0,3,106,13,102,0,0.9601328903654485,0.12264150943396226
2022,15860,534,1.0,1894.0,1346,473,75,0,20,128,57,112,0,0.9604012671594508,0.4453125
2022,15860,536,1.0,2029.0,1470,499,60,0,6,104,41,124,0,0.9704287826515525,0.3942307692307692
2022,15860,537,2.0,1950.0,1402,484,64,0,17,118,38,81,0,0.9671794871794872,0.3220338983050847
2022,15860,538,3.0,1425.0,1019,332,74,0,20,62,17,54,0,0.9480701754385965,0.27419354838709675
2022,15860,539,1.0,2095.0,1470,541,84,0,12,118,19,111,0,0.9599045346062053,0.16101694915254236
2022,15860,540,1.0,1693.0,1262,376,55,0,23,130,39,66,0,0.96751329001772,0.3
2022,15860,541,1.0,1845.0,1335,455,55,1,23,76,30,116,0,0.9701897018970189,0.39473684210526316
2022,15860,542,3.0,1365.0,941,368,56,0,17,150,22,79,0,0.958974358974359,0.14666666666666667
2022,15860,543,2.0,1522.0,1090,354,78,0,2,246,28,59,0,0.9487516425755584,0.11382113821138211
2022,15860,545,1.0,2054.0,1469,524,61,1,11,108,13,97,0,0.9703018500486855,0.12037037037037036
2022,15860,546,2.0,1471.0,1031,386,54,1,6,120,33,50,0,0.9632902787219578,0.275
2022,15860,547,3.0,1427.0,953,388,86,1,17,148,41,77,0,0.9397337070777856,0.27702702702702703
2022,15860,548,3.0,1316.0,909,337,70,0,12,116,36,55,0,0.9468085106382979,0.3103448275862069
2022,15860,549,3.0,1676.0,1183,408,85,0,13,84,31,69,0,0.9492840095465394,0.36904761904761907
2022,15860,551,1.0,1933.0,1443,436,54,0,6,110,39,85,0,0.9720641489912054,0.35454545454545455
2022,15860,553,1.0,2086.0,1417,556,113,1,20,156,52,121,0,0.9458293384467881,0.3333333333333333
2022,15860,554,1.0,1473.0,1025,377,71,0,3,147,15,69,0,0.9517990495587237,0.10204081632653061
2022,15860,555,3.0,691.0,471,152,68,0,6,176,8,18,0,0.9015918958031838,0.045454545454545456
2022,15860,557,3.0,1369.0,984,325,60,0,11,92,21,61,0,0.956172388604821,0.22826086956521738
2022,15860,559,1.0,1858.0,1352,459,47,0,13,108,22,94,0,0.9747039827771797,0.2037037037037037
2022,15860,560,2.0,1510.0,1065,361,84,2,15,92,18,45,0,0.9443708609271523,0.1956521739130435
2022,15860,561,2.0,2074.0,1488,532,54,0,19,122,25,125,0,0.973963355834137,0.20491803278688525
2022,15860,562,1.0,1769.0,1231,445,93,3,29,198,32,84,0,0.9474279253815715,0.16161616161616163
2022,15860,563,1.0,1803.0,1255,478,70,0,13,146,42,100,0,0.9611758180809762,0.2876712328767123
2022,15860,564,3.0,1483.0,1048,366,69,0,10,166,25,61,0,0.9534726904922455,0.15060240963855423
2022,15860,565,3.0,1304.0,983,275,46,0,12,88,25,42,0,0.9647239263803681,0.2840909090909091
2022,15860,568,2.0,1748.0,1246,430,72,0,17,122,32,102,0,0.9588100686498856,0.26229508196721313
2022,15860,570,3.0,1117.0,790,272,55,0,3,110,20,47,0,0.9507609668755596,0.18181818181818182
2022,15860,571,3.0,1348.0,990,313,45,0,14,110,19,59,0,0.9666172106824926,0.17272727272727273
2022,15860,572,1.0,1986.0,1421,492,73,1,20,94,54,94,0,0.9632426988922457,0.574468085106383
2022,15860,573,3.0,1524.0,1108,346,70,0,24,130,38,53,0,0.9540682414698163,0.2923076923076923
2022,15860,574,1.0,2044.0,1457,500,87,0,21,126,58,123,0,0.9574363992172211,0.4603174603174603
2022,15860,575,1.0,2091.0,1511,498,82,0,10,98,41,77,0,0.9607843137254902,0.41836734693877553
2022,15860,576,1.0,1938.0,1416,476,46,1,6,130,39,86,0,0.9762641898864809,0.3
2022,15860,577,3.0,1554.0,1097,379,78,0,14,110,47,62,0,0.9498069498069498,0.42727272727272725
2022,15860,578,3.0,1525.0,1066,401,58,0,15,100,21,102,0,0.9619672131147541,0.21
2022,15860,580,3.0,1393.0,936,415,42,2,21,114,32,86,0,0.9698492462311558,0.2807017543859649
2022,15860,581,3.0,1595.0,1103,423,69,0,5,56,28,86,0,0.9567398119122257,0.5
2022,15860,582,3.0,1309.0,950,295,64,0,12,108,19,55,0,0.9511077158135982,0.17592592592592593
2022,15860,583,3.0,1415.0,1022,337,56,1,8,80,28,93,0,0.9604240282685512,0.35
2022,15860,584,2.0,2271.0,1611,604,56,0,5,150,32,173,0,0.9753412593571114,0.21333333333333335
2022,15860,585,3.0,1490.0,1065,366,59,0,11,104,26,79,0,0.9604026845637584,0.25
2022,15860,587,1.0,2089.0,1569,479,41,1,12,112,23,104,0,0.9803733843944471,0.20535714285714285
2022,15860,588,3.0,1495.0,1000,427,68,0,4,70,27,84,0,0.954515050167224,0.38571428571428573
2022,15860,589,3.0,1267.0,872,334,61,0,11,84,25,59,0,0.9518547750591949,0.2976190476190476
2022,15860,590,1.0,1874.0,1345,439,90,0,15,204,40,88,0,0.951974386339381,0.19607843137254902
2022,15860,591,2.0,1759.0,1216,470,73,0,22,132,35,85,0,0.9584991472427515,0.26515151515151514
2022,15860,593,2.0,1482.0,1062,361,59,0,17,88,26,86,0,0.9601889338731444,0.29545454545454547
2022,15860,596,1.0,1587.0,1112,404,71,0,18,120,33,100,0,0.9552614996849401,0.275
2022,15860,598,2.0,1610.0,1197,372,41,0,21,108,24,56,0,0.9745341614906833,0.2222222222222222
2022,15860,601,3.0,1637.0,1130,447,60,0,10,76,22,110,0,0.9633475870494808,0.2894736842105263
2022,15860,602,3.0,1381.0,980,347,54,0,4,54,25,82,0,0.9608979000724113,0.46296296296296297
2022,15860,603,1.0,1961.0,1398,486,77,0,19,152,31,87,0,0.9607343192248853,0.20394736842105263
2022,15860,606,1.0,2023.0,1414,537,72,2,23,88,31,120,0,0.9644092931290164,0.3522727272727273
2022,15860,607,3.0,1131.0,820,252,59,0,14,84,20,34,0,0.9478337754199824,0.23809523809523808
2022,15860,608,2.0,1927.0,1402,460,65,0,15,130,32,80,0,0.9662688116242865,0.24615384615384617
2022,15860,609,1.0,1955.0,1363,526,66,0,5,132,31,113,0,0.9662404092071611,0.23484848484848486
2022,15860,610,1.0,1914.0,1423,428,63,1,12,110,27,78,0,0.9670846394984326,0.24545454545454545
2022,15860,611,3.0,989.0,664,258,67,3,28,110,22,48,0,0.9322548028311426,0.2
2022,15860,612,3.0,1295.0,891,343,61,1,7,72,28,78,0,0.9528957528957529,0.3888888888888889
2022,15860,613,2.0,1248.0,856,309,83,1,16,183,31,34,0,0.9334935897435898,0.16939890710382513
2022,15860,614,3.0,1336.0,940,343,53,0,12,42,28,85,0,0.9603293413173652,0.6666666666666666
2022,15860,615,3.0,1067.0,777,242,48,0,7,92,11,24,0,0.9550140581068416,0.11956521739130435
2022,15860,617,1.0,1699.0,1209,409,81,0,10,178,32,58,0,0.9523248969982343,0.1797752808988764
2022,15860,618,3.0,1055.0,753,257,45,0,2,60,12,63,0,0.957345971563981,0.2
2022,15860,621,3.0,1300.0,1000,252,48,0,10,58,18,79,0,0.963076923076923,0.3103448275862069
2022,15860,622,3.0,1996.0,1407,549,40,0,5,94,36,98,0,0.9799599198396793,0.3829787234042553
2022,15860,623,3.0,1608.0,1157,391,60,0,3,96,27,55,0,0.9626865671641791,0.28125
2022,15860,624,1.0,2019.0,1454,499,66,0,16,100,32,114,0,0.9673105497771174,0.32
2022,15860,625,1.0,2062.0,1473,533,56,2,3,120,34,112,0,0.9728419010669254,0.2833333333333333
2022,15860,626,1.0,2095.0,1498,510,87,0,18,86,33,94,0,0.958472553699284,0.38372093023255816
2022,15860,627,1.0,2105.0,1541,522,42,2,4,56,42,145,0,0.9800475059382423,0.75
2022,15860,628,2.0,1664.0,1179,419,66,1,7,96,14,96,0,0.9603365384615384,0.14583333333333334
2022,15860,629,1.0,2150.0,1549,542,59,0,6,120,44,97,0,0.9725581395348837,0.36666666666666664
2022,15860,630,1.0,2171.0,1552,556,63,0,15,138,34,118,0,0.9709811146936895,0.2463768115942029
2022,15860,631,1.0,1894.0,1392,435,67,2,10,74,22,90,0,0.9646251319957762,0.2972972972972973
2022,15860,632,2.0,1556.0,1107,398,51,1,11,180,21,67,0,0.9672236503856041,0.11666666666666667
2022,15860,633,3.0,1520.0,1054,399,67,0,16,76,20,86,0,0.9559210526315789,0.2631578947368421
2022,15860,635,1.0,1884.0,1372,465,47,0,8,84,34,93,0,0.9750530785562632,0.40476190476190477
2022,15860,637,3.0,1988.0,1356,581,51,2,12,70,33,128,0,0.9743460764587525,0.4714285714285714
2022,15860,638,2.0,1643.0,1170,420,53,0,9,106,32,68,0,0.967741935483871,0.3018867924528302
2022,15860,639,1.0,1704.0,1212,412,80,1,13,216,42,73,0,0.9530516431924883,0.19444444444444445
2022,15860,641,3.0,1323.0,973,276,74,1,17,118,21,71,0,0.9440665154950869,0.17796610169491525
2022,15860,642,3.0,1349.0,909,369,71,0,8,108,33,78,3,0.9473684210526315,0.3055555555555556
2022,15860,643,2.0,1525.0,1113,371,41,0,2,70,25,53,0,0.9731147540983607,0.35714285714285715
2022,15860,645,2.0,1797.0,1251,494,52,0,26,120,38,88,0,0.9710628825820813,0.31666666666666665
2022,15860,646,1.0,1998.0,1428,519,51,1,3,78,40,129,0,0.9744744744744744,0.5128205128205128
2022,15860,648,1.0,1976.0,1437,487,52,0,6,102,23,90,3,0.9736842105263158,0.22549019607843138
2022,15860,649,1.0,1613.0,1142,405,66,0,7,161,30,71,0,0.9590824550526968,0.18633540372670807
2022,15860,651,1.0,2082.0,1484,520,78,0,15,114,38,109,0,0.962536023054755,0.3333333333333333
2022,15860,652,3.0,1398.0,990,344,64,0,17,194,29,66,0,0.9542203147353362,0.14948453608247422
2022,15860,654,1.0,2110.0,1549,503,58,3,9,114,21,106,0,0.9725118483412323,0.18421052631578946
2022,15860,655,1.0,2246.0,1605,591,50,2,9,56,46,134,0,0.9777382012466608,0.8214285714285714
2022,15860,656,3.0,1496.0,1032,390,74,0,22,116,25,55,0,0.9505347593582888,0.21551724137931033
2022,15860,657,1.0,1956.0,1402,501,53,0,16,44,21,112,0,0.9729038854805726,0.4772727272727273
2022,15860,658,2.0,1645.0,1169,391,85,0,9,70,21,41,0,0.9483282674772037,0.3
2022,15860,659,1.0,2218.0,1589,568,61,0,12,140,33,124,0,0.972497745716862,0.2357142857142857
2022,15860,660,1.0,1905.0,1398,443,64,1,11,170,32,91,0,0.9664041994750656,0.18823529411764706
2022,15860,661,2.0,1690.0,1198,409,83,1,10,128,29,81,0,0.9508875739644971,0.2265625
2022,15860,662,3.0,1578.0,1100,428,50,0,7,82,26,132,0,0.9683143219264893,0.3170731707317073
2022,15860,664,1.0,2488.0,1789,643,56,0,21,94,57,108,0,0.977491961414791,0.6063829787234043
2022,15860,665,1.0,2049.0,1434,517,98,0,16,148,52,112,0,0.9521717911176184,0.35135135135135137
2022,15860,669,1.0,2160.0,1555,531,74,0,6,84,31,131,0,0.9657407407407408,0.36904761904761907
2022,15860,670,1.0,2246.0,1615,553,78,0,9,76,30,131,0,0.9652715939447908,0.39473684210526316
2022,15860,671,1.0,2226.0,1597,567,62,1,6,82,49,131,0,0.97214734950584,0.5975609756097561
2022,15860,673,3.0,1354.0,941,361,52,0,13,135,34,62,0,0.9615952732644018,0.2518518518518518
2022,15860,674,1.0,2345.0,1743,546,56,0,10,66,27,106,0,0.9761194029850746,0.4090909090909091
2022,15860,676,1.0,1817.0,1297,456,64,1,20,175,37,65,0,0.9647771051183269,0.21142857142857144
2022,15860,678,1.0,2040.0,1476,501,63,0,2,86,41,116,0,0.9691176470588235,0.47674418604651164
2022,15860,679,3.0,1591.0,1072,453,66,0,9,66,35,75,0,0.9585166561910748,0.5303030303030303
2022,15860,681,3.0,1448.0,1008,362,78,1,9,134,15,68,0,0.9461325966850829,0.11194029850746269
2022,15860,682,2.0,1571.0,1118,391,62,1,21,138,47,85,0,0.9605346912794398,0.34057971014492755
2022,15860,683,1.0,1866.0,1344,466,56,0,5,252,51,89,0,0.969989281886388,0.20238095238095238
2022,15860,684,3.0,1519.0,1070,388,61,2,25,126,29,71,0,0.9598420013166556,0.23015873015873015
2022,15860,685,3.0,1587.0,1075,440,72,1,40,154,20,52,0,0.9546313799621928,0.12987012987012986
2022,15860,686,3.0,1568.0,1098,402,68,0,14,100,29,87,0,0.9566326530612245,0.29
2022,15860,689,2.0,2061.0,1515,486,60,0,33,106,19,104,0,0.9708879184861717,0.1792452830188679
2022,15860,692,1.0,2071.0,1500,508,63,0,4,116,38,103,0,0.969579913085466,0.3275862068965517
2022,15860,694,1.0,2409.0,1784,576,49,2,6,174,34,94,0,0.979659609796596,0.19540229885057472
2022,15860,695,1.0,1617.0,1157,405,55,0,10,181,39,103,0,0.9659863945578231,0.2154696132596685
2022,15860,696,2.0,1785.0,1283,432,70,2,6,104,21,89,0,0.9607843137254902,0.20192307692307693
2022,15860,697,1.0,2425.0,1698,645,82,1,12,67,36,93,0,0.9661855670103093,0.5373134328358209
2022,15860,698,1.0,2181.0,1576,557,48,1,8,98,42,148,0,0.9779917469050894,0.42857142857142855
2022,15860,699,1.0,1848.0,1293,477,78,0,19,154,42,107,0,0.9577922077922078,0.2727272727272727
2022,15860,700,1.0,2212.0,1618,542,52,1,10,139,26,66,0,0.976491862567812,0.18705035971223022
2022,15860,702,1.0,1960.0,1387,499,74,0,2,158,25,95,0,0.9622448979591837,0.15822784810126583
2022,15860,703,1.0,2538.0,1810,691,37,1,9,84,47,127,0,0.9854215918045706,0.5595238095238095
2022,15860,706,1.0,2019.0,1506,447,66,1,9,88,25,95,0,0.9673105497771174,0.2840909090909091
2022,15860,707,3.0,1355.0,925,361,69,1,15,92,19,75,0,0.9490774907749078,0.20652173913043478
2022,15860,709,1.0,1989.0,1435,498,56,1,10,150,27,85,0,0.9718451483157365,0.18
2022,15860,711,1.0,1970.0,1362,527,81,0,23,114,45,99,0,0.9588832487309644,0.39473684210526316
2022,15860,712,3.0,1453.0,1000,402,51,0,14,71,21,105,0,0.9649002064693737,0.29577464788732394
2022,15860,713,3.0,1260.0,875,338,47,0,25,158,28,73,0,0.9626984126984127,0.17721518987341772
2022,15860,715,3.0,1906.0,1331,504,71,0,15,163,38,93,0,0.9627492130115425,0.2331288343558282
2022,15860,716,1.0,2109.0,1488,563,58,0,10,103,40,109,0,0.9724988146040777,0.3883495145631068
2022,15860,717,3.0,1219.0,871,302,46,1,9,72,14,83,0,0.9622641509433962,0.19444444444444445
2022,15860,718,1.0,2185.0,1561,559,65,2,11,98,44,137,0,0.9702517162471396,0.4489795918367347
2022,15860,720,2.0,1216.0,845,270,101,1,23,167,29,37,0,0.9169407894736842,0.17365269461077845
2022,15860,721,1.0,2250.0,1603,587,60,4,17,88,34,124,0,0.9733333333333334,0.38636363636363635
2022,15860,722,3.0,1171.0,819,286,66,1,22,92,20,33,0,0.9436379163108455,0.21739130434782608
2022,15860,724,3.0,1567.0,1104,384,79,0,15,166,19,87,0,0.9495851946394385,0.1144578313253012
2022,15860,725,1.0,1989.0,1409,518,62,1,9,98,31,112,0,0.9688285570638512,0.3163265306122449
2022,15860,726,1.0,1532.0,1113,381,38,0,8,130,16,47,0,0.9751958224543081,0.12307692307692308
2022,15860,727,3.0,1140.0,790,282,68,1,15,144,23,40,0,0.9403508771929825,0.1597222222222222
2022,15860,728,2.0,1330.0,950,308,72,0,10,104,18,60,0,0.9458646616541353,0.17307692307692307
2022,15860,730,3.0,1330.0,944,317,69,0,30,154,30,62,0,0.9481203007518797,0.19480519480519481
2022,15860,732,1.0,2034.0,1420,560,54,0,9,100,19,116,0,0.9734513274336283,0.19
2022,15860,733,3.0,1319.0,896,347,76,0,16,66,15,73,4,0.9423805913570887,0.22727272727272727
2022,15860,734,2.0,1628.0,1174,383,71,0,10,70,13,70,0,0.9563882063882064,0.18571428571428572
2022,15860,735,1.0,1677.0,1193,427,57,0,13,118,36,84,0,0.9660107334525939,0.3050847457627119
2022,15860,736,1.0,2226.0,1635,539,52,1,11,101,33,106,0,0.9766397124887691,0.32673267326732675
2022,15860,737,3.0,1240.0,859,296,85,0,10,132,19,54,0,0.9314516129032258,0.14393939393939395
2022,15860,739,1.0,1773.0,1258,451,64,0,12,98,39,62,0,0.9639029892837,0.3979591836734694
2022,15860,740,1.0,2248.0,1652,516,80,0,13,58,19,100,0,0.9644128113879004,0.3275862068965517
2022,15860,741,1.0,1990.0,1443,463,84,1,8,138,33,113,0,0.9577889447236181,0.2391304347826087
2022,15860,742,1.0,2180.0,1593,543,44,2,14,84,26,113,0,0.9798165137614679,0.30952380952380953
2022,15860,743,2.0,1087.0,796,225,66,0,33,183,21,23,0,0.9392824287028518,0.11475409836065574
2022,15860,745,3.0,1362.0,934,355,73,0,35,78,28,74,0,0.94640234948605,0.358974358974359
2022,15860,746,1.0,2082.0,1535,489,58,0,13,72,22,97,0,0.9721421709894332,0.3055555555555556
2022,15860,747,3.0,1447.0,1014,367,66,0,14,106,42,58,0,0.954388389771942,0.39622641509433965
2022,15860,748,1.0,1843.0,1290,472,81,0,11,170,41,116,0,0.9560499186109603,0.2411764705882353
2022,15860,749,1.0,2263.0,1609,592,62,0,27,52,32,109,0,0.9726027397260274,0.6153846153846154
2022,15860,750,3.0,1642.0,1106,473,63,0,23,132,46,105,0,0.96163215590743,0.3484848484848485
2022,15860,751,3.0,1740.0,1201,478,61,1,7,60,13,97,0,0.9649425287356321,0.21666666666666667
2022,15860,752,3.0,1279.0,925,292,62,0,5,102,19,38,0,0.9515246286161063,0.18627450980392157
2022,15860,753,3.0,1537.0,1043,410,84,0,16,140,30,84,3,0.9453480806766428,0.21428571428571427
2022,15860,754,1.0,1930.0,1400,481,49,0,13,100,35,97,0,0.9746113989637306,0.35
2022,15860,755,3.0,1287.0,897,326,64,0,16,120,42,31,0,0.9502719502719502,0.35
2022,15860,756,1.0,2056.0,1486,519,51,1,7,66,26,122,0,0.9751945525291829,0.3939393939393939
2022,15860,757,2.0,1924.0,1367,508,49,0,13,70,24,103,0,0.9745322245322245,0.34285714285714286
2022,15860,759,3.0,1709.0,1177,476,56,2,16,78,29,84,1,0.9672322995904038,0.3717948717948718
2022,15860,761,3.0,1307.0,888,344,75,1,37,198,26,51,0,0.9426166794185157,0.13131313131313133
2022,15860,765,2.0,1837.0,1308,461,68,0,20,124,31,91,0,0.9629831246597713,0.25
2022,15860,766,2.0,1556.0,1072,428,56,1,14,118,37,99,0,0.9640102827763496,0.3135593220338983
2022,15860,767,2.0,1882.0,1379,444,59,1,4,122,25,96,0,0.9686503719447397,0.20491803278688525
2022,15860,768,1.0,2039.0,1438,545,56,0,17,84,37,107,0,0.9725355566454145,0.44047619047619047
2022,15860,769,1.0,2149.0,1528,543,78,0,15,140,14,129,0,0.9637040483946021,0.1
2022,15860,770,3.0,902.0,615,226,61,0,10,112,28,21,0,0.9323725055432373,0.25
2022,15860,771,1.0,1887.0,1293,502,92,0,10,172,41,60,0,0.9512453630100689,0.23837209302325582
2022,15860,772,1.0,1967.0,1392,497,78,0,5,94,22,91,0,0.9603457041179461,0.23404255319148937
2022,15860,773,3.0,1396.0,987,345,64,0,8,107,26,69,0,0.9541547277936963,0.24299065420560748
2022,15860,774,1.0,1756.0,1277,417,62,0,12,148,46,107,2,0.9646924829157175,0.3108108108108108
2022,15860,775,3.0,1412.0,986,359,67,1,10,88,20,81,0,0.9525495750708215,0.22727272727272727
2022,15860,777,3.0,1359.0,957,341,61,0,13,70,23,75,0,0.9551140544518028,0.32857142857142857
2022,15860,779,3.0,1700.0,1177,466,57,0,9,58,25,88,0,0.9664705882352941,0.43103448275862066
2022,15860,780,3.0,1416.0,988,344,84,0,46,116,26,66,0,0.940677966101695,0.22413793103448276
2022,15860,781,3.0,1385.0,974,313,98,0,13,168,17,43,0,0.9292418772563177,0.10119047619047619
2022,15860,782,1.0,2079.0,1493,526,60,0,8,152,45,78,0,0.9711399711399712,0.29605263157894735
2022,15860,783,3.0,1431.0,1010,349,72,0,39,138,31,54,0,0.949685534591195,0.2246376811594203
2022,15860,784,3.0,1311.0,901,371,39,0,13,78,11,70,0,0.9702517162471396,0.14102564102564102
2022,15860,785,3.0,1331.0,941,330,60,0,8,90,23,73,0,0.9549211119459053,0.25555555555555554
2022,15860,786,1.0,1785.0,1288,444,53,2,15,52,33,86,0,0.9703081232492997,0.6346153846153846
2022,15860,787,3.0,1736.0,1185,469,82,0,19,113,43,102,0,0.9527649769585254,0.3805309734513274
2022,15860,789,3.0,897.0,626,218,53,0,16,135,20,54,0,0.9409141583054627,0.14814814814814814
2022,15860,790,2.0,1306.0,970,284,52,0,9,156,39,47,0,0.9601837672281777,0.25
2022,15860,792,1.0,1883.0,1357,451,75,0,4,174,31,101,0,0.960169941582581,0.1781609195402299
2022,15860,793,3.0,1339.0,971,295,73,0,24,142,37,54,0,0.9454817027632562,0.2605633802816901
2022,15860,795,3.0,1509.0,1081,351,77,1,13,103,26,50,0,0.9489728296885355,0.2524271844660194
2022,15860,797,1.0,1740.0,1253,434,53,0,11,100,49,61,0,0.9695402298850575,0.49
2022,15860,798,3.0,1485.0,1080,353,52,0,14,82,21,53,0,0.9649831649831649,0.25609756097560976
2022,15860,799,2.0,1246.0,876,305,65,0,19,146,14,40,0,0.9478330658105939,0.0958904109589041
2022,15860,800,3.0,1230.0,861,302,67,0,24,154,29,28,0,0.9455284552845529,0.18831168831168832
2022,15860,802,3.0,1917.0,1353,497,67,0,9,62,32,110,0,0.9650495565988524,0.5161290322580645
2022,15860,803,3.0,1468.0,999,408,61,0,23,112,32,68,0,0.9584468664850136,0.2857142857142857
2022,15860,804,3.0,1329.0,964,311,54,1,4,74,16,54,0,0.9593679458239278,0.21621621621621623
2022,15860,805,3.0,1662.0,1226,382,54,0,9,56,28,72,0,0.9675090252707581,0.5
2022,15860,806,3.0,1432.0,992,377,63,1,7,48,31,83,0,0.9560055865921788,0.6458333333333334
2022,15860,807,3.0,1867.0,1350,458,59,2,17,116,43,104,0,0.9683985002678093,0.3706896551724138
2022,15860,808,3.0,1190.0,824,307,59,0,12,70,30,42,0,0.9504201680672268,0.42857142857142855
2022,15860,809,3.0,1335.0,939,335,61,0,11,146,19,55,0,0.954307116104869,0.13013698630136986
2022,15860,810,1.0,2031.0,1467,506,58,0,8,114,32,109,0,0.9714426390940424,0.2807017543859649
2022,15860,812,1.0,2109.0,1543,501,65,0,12,104,41,95,0,0.9691797060218112,0.3942307692307692
2022,15860,813,1.0,1400.0,1003,361,36,0,5,102,20,72,0,0.9742857142857143,0.19607843137254902
2022,15860,814,3.0,874.0,571,228,75,0,10,255,8,35,2,0.914187643020595,0.03137254901960784
2022,15860,815,3.0,1569.0,1109,396,64,0,6,80,44,74,0,0.9592096876991715,0.55
2022,15860,817,1.0,1966.0,1420,463,83,1,5,146,62,72,0,0.9577822990844354,0.4246575342465753
2022,15860,929,2.0,1374.0,949,343,82,2,12,104,20,70,0,0.9403202328966521,0.19230769230769232
2022,15860,934,2.0,1327.0,933,310,84,0,38,210,37,34,0,0.9366993217784476,0.1761904761904762
2022,15860,938,3.0,1613.0,1099,431,83,1,6,92,25,87,0,0.9485430874147551,0.2717391304347826
2022,15860,939,3.0,1473.0,1062,348,63,1,17,144,33,78,0,0.9572301425661914,0.22916666666666666
2022,15860,947,2.0,1681.0,1209,417,55,0,11,104,21,65,0,0.9672813801308745,0.20192307692307693
2022,15860,953,3.0,1242.0,847,313,82,0,17,247,19,53,0,0.9339774557165862,0.07692307692307693
2022,15860,958,3.0,871.0,580,208,83,1,37,192,26,22,0,0.904707233065442,0.13541666666666666
2022,15860,962,3.0,1166.0,792,316,58,0,9,110,35,47,0,0.9502572898799314,0.3181818181818182
2022,15860,966,3.0,1686.0,1223,414,49,0,11,126,23,88,0,0.9709371293001187,0.18253968253968253
2022,15860,973,3.0,1488.0,1037,371,80,0,13,118,13,92,0,0.946236559139785,0.11016949152542373
2022,15860,984,2.0,1325.0,901,351,73,0,10,150,26,86,0,0.9449056603773585,0.17333333333333334
2022,15860,985,2.0,1392.0,985,336,71,1,30,144,30,47,0,0.9489942528735632,0.20833333333333334
2022,15860,987,3.0,1393.0,971,365,57,0,12,70,16,75,0,0.95908111988514,0.22857142857142856
2022,15860,995,2.0,1273.0,879,313,81,0,5,104,40,53,0,0.9363707776904949,0.38461538461538464
2022,15860,996,2.0,1487.0,1070,340,77,1,50,136,33,63,0,0.9482178883658372,0.2426470588235294
2022,15860,1000,2.0,1880.0,1340,480,60,0,13,30,34,90,0,0.9680851063829787,1.1333333333333333
2022,15860,1001,2.0,2032.0,1437,526,69,0,10,98,42,126,0,0.9660433070866141,0.42857142857142855
2022,15860,1004,1.0,1882.0,1399,433,50,0,1,86,30,60,0,0.973432518597237,0.3488372093023256
2022,15860,1009,2.0,1761.0,1280,430,51,0,14,86,32,50,0,0.9710391822827938,0.37209302325581395
2022,15860,1010,2.0,1641.0,1164,395,82,1,17,171,22,68,0,0.9500304692260817,0.1286549707602339
2022,15860,1013,2.0,1717.0,1264,403,50,0,14,80,44,84,0,0.970879440885265,0.55
2022,15860,1014,1.0,2033.0,1495,468,70,0,7,77,31,82,0,0.9655681259222824,0.4025974025974026
2022,15860,1015,2.0,1547.0,1087,384,76,0,13,200,37,74,0,0.9508726567550096,0.185
2022,15860,1023,2.0,1654.0,1172,397,85,0,27,156,42,67,0,0.9486094316807738,0.2692307692307692
2022,15860,1028,2.0,1681.0,1169,468,44,0,8,80,21,71,0,0.9738251041046996,0.2625
2022,15860,1044,3.0,1219.0,870,286,63,3,18,174,19,28,0,0.948318293683347,0.10919540229885058
2022,15860,1045,1.0,2041.0,1543,447,51,0,12,86,18,107,0,0.9750122488975992,0.20930232558139536
2022,15860,1050,3.0,1234.0,877,292,65,0,40,124,34,34,0,0.9473257698541329,0.27419354838709675
2022,15860,1057,2.0,1799.0,1262,457,80,0,8,96,36,81,0,0.9555308504724848,0.375
2022,15860,1062,3.0,1590.0,1155,388,47,1,23,80,33,55,0,0.970440251572327,0.4125
2022,15860,1064,3.0,1371.0,953,342,76,1,16,131,19,42,0,0.9445660102115244,0.1450381679389313
2022,15860,1066,3.0,1579.0,1134,350,95,0,21,104,24,77,0,0.9398353388220393,0.23076923076923078
2022,15860,1068,1.0,2076.0,1465,528,83,1,3,96,30,125,0,0.960019267822736,0.3125
2022,15860,1071,2.0,1812.0,1287,459,66,0,19,140,48,76,0,0.9635761589403974,0.34285714285714286
2022,15860,1072,2.0,1651.0,1210,366,75,1,10,138,41,46,0,0.9545729860690491,0.2971014492753623
2022,15860,1076,2.0,1575.0,1110,388,77,0,21,162,33,66,0,0.9511111111111111,0.2037037037037037
2022,15860,1079,2.0,1611.0,1159,380,72,1,18,150,35,42,0,0.9553072625698324,0.23333333333333334
2022,15860,1085,2.0,1768.0,1227,465,76,0,5,118,34,69,0,0.9570135746606335,0.288135593220339
2022,15860,1092,1.0,2109.0,1542,503,64,0,15,206,33,83,0,0.9696538643907064,0.16019417475728157
2022,15860,1094,3.0,1564.0,1096,407,61,0,12,64,30,93,0,0.960997442455243,0.46875
2022,15860,1096,2.0,1914.0,1349,500,65,1,10,143,48,107,0,0.9660397074190178,0.3356643356643357
2022,15860,1097,2.0,1956.0,1406,468,82,0,26,81,23,82,0,0.9580777096114519,0.2839506172839506
2022,15860,1098,2.0,1587.0,1132,393,62,0,17,144,32,85,0,0.9609325771896661,0.2222222222222222
2022,15860,1099,3.0,1210.0,842,290,78,2,15,154,36,44,0,0.9355371900826446,0.23376623376623376
2022,15860,1104,1.0,2204.0,1623,524,57,1,8,70,25,132,0,0.9741379310344828,0.35714285714285715
2022,15860,1111,3.0,1577.0,1049,449,79,0,22,108,32,85,0,0.9499048826886494,0.2962962962962963
2022,15860,1112,3.0,1237.0,857,296,84,0,13,80,42,33,0,0.9320937752627324,0.525
2022,15860,1115,3.0,1411.0,992,343,76,0,9,170,31,64,0,0.9461374911410347,0.18235294117647058
2022,15860,1116,2.0,1784.0,1278,451,55,0,13,48,35,98,0,0.969170403587444,0.7291666666666666
2022,15860,1123,2.0,2062.0,1441,554,67,0,15,110,35,126,0,0.9675072744907857,0.3181818181818182
2022,15860,1124,3.0,1569.0,1112,399,58,1,17,148,34,86,0,0.9630337794773741,0.22972972972972974
2022,15860,1130,3.0,1417.0,1005,332,80,0,15,72,36,44,0,0.9435426958362738,0.5
2022,15860,1133,3.0,1401.0,993,361,47,0,14,75,24,75,0,0.966452533904354,0.32
2022,15860,1157,1.0,2318.0,1664,577,77,0,9,100,30,151,0,0.9667817083692839,0.3
2022,15860,1159,3.0,1126.0,798,266,62,2,17,114,25,50,0,0.9449378330373002,0.21929824561403508
2022,15860,1162,3.0,1951.0,1383,497,71,0,15,72,26,78,0,0.9636084059456689,0.3611111111111111
2022,15860,1163,3.0,1213.0,809,347,57,0,12,76,27,89,0,0.9530090684253916,0.35526315789473684
2022,15860,1164,3.0,1313.0,930,314,69,4,31,106,20,63,0,0.9474485910129474,0.18867924528301888
2022,15860,1167,2.0,1833.0,1309,459,65,0,35,116,37,109,0,0.9645390070921985,0.31896551724137934
2022,15860,1170,2.0,2112.0,1533,502,77,2,9,154,51,80,0,0.9635416666666666,0.33116883116883117
2022,15860,1174,2.0,1532.0,1073,380,79,0,6,145,23,46,0,0.9484334203655352,0.15862068965517243
2022,15860,1176,2.0,1562.0,1130,389,43,0,47,130,27,72,0,0.9724711907810499,0.2076923076923077
2022,15860,1179,3.0,1523.0,1044,429,50,0,13,72,38,104,0,0.9671700590938936,0.5277777777777778
2022,15860,1192,3.0,1323.0,932,309,82,0,32,168,28,68,0,0.9380196523053665,0.16666666666666666
2022,15860,1194,3.0,638.0,419,145,74,0,11,136,16,35,0,0.8840125391849529,0.11764705882352941
2022,15860,1196,3.0,1371.0,969,341,61,0,6,74,32,46,0,0.9555069292487236,0.43243243243243246
2022,15860,1199,2.0,1696.0,1189,450,57,0,12,166,29,80,0,0.9663915094339622,0.1746987951807229
2022,15860,1203,3.0,1517.0,1075,383,59,0,23,108,33,78,3,0.9611074489123269,0.3055555555555556
2022,15860,1226,3.0,1224.0,834,338,52,2,8,158,46,54,0,0.9575163398692811,0.2911392405063291
2022,15860,1238,2.0,1693.0,1248,388,57,1,15,42,40,87,0,0.9663319551092735,0.9523809523809523
2022,15860,1245,2.0,1884.0,1364,453,67,0,21,152,36,102,0,0.9644373673036093,0.23684210526315788
2022,15860,1254,3.0,1230.0,866,303,61,0,12,104,18,60,0,0.9504065040650407,0.17307692307692307
2022,15860,1257,2.0,1801.0,1295,452,54,0,7,46,26,75,0,0.9700166574125486,0.5652173913043478
2022,15860,1266,2.0,1386.0,992,341,53,0,9,126,55,68,0,0.9617604617604618,0.4365079365079365
2022,15860,1274,2.0,1828.0,1304,467,57,0,10,64,41,76,0,0.9688183807439825,0.640625
2022,15860,1277,2.0,867.0,588,179,100,1,42,252,5,24,0,0.8846597462514417,0.01984126984126984
2022,15860,1289,2.0,1877.0,1382,437,58,0,16,122,25,66,0,0.9690996270644646,0.20491803278688525
2022,15860,1297,3.0,1452.0,1053,358,41,1,5,76,19,65,0,0.971763085399449,0.25
2022,15860,1305,3.0,1405.0,1003,322,80,0,19,157,32,57,0,0.9430604982206405,0.20382165605095542
2022,15860,1314,2.0,1807.0,1317,437,53,0,13,122,39,66,0,0.9706696181516326,0.319672131147541
2022,15860,1315,3.0,1154.0,797,289,68,0,20,126,30,41,0,0.9410745233968805,0.23809523809523808
2022,15860,1318,2.0,1749.0,1239,409,101,0,19,184,46,71,0,0.9422527158376215,0.25
2022,15860,1320,1.0,1936.0,1405,451,80,0,17,136,49,73,0,0.9586776859504132,0.3602941176470588
2022,15860,1328,2.0,1580.0,1105,387,88,2,13,122,47,81,0,0.9443037974683545,0.38524590163934425
2022,15860,1332,3.0,1385.0,987,334,64,0,8,108,34,50,0,0.9537906137184116,0.3148148148148148
2022,15860,1334,2.0,1913.0,1372,472,69,0,17,116,39,99,0,0.9639309984317825,0.33620689655172414
2022,15860,1340,3.0,1320.0,906,377,37,0,5,108,25,82,0,0.9719696969696969,0.23148148148148148
2022,15860,1343,2.0,1625.0,1155,399,71,0,10,90,27,79,0,0.9563076923076923,0.3
2022,15860,1346,2.0,1752.0,1215,450,87,1,16,136,36,140,0,0.9503424657534246,0.2647058823529412
2022,15860,1347,2.0,1616.0,1156,390,70,0,18,182,15,58,0,0.9566831683168316,0.08241758241758242
2022,15860,1348,2.0,1646.0,1182,407,57,0,16,94,38,56,0,0.965370595382746,0.40425531914893614
2022,15860,1355,3.0,1451.0,986,382,83,0,11,134,42,75,3,0.9427980702963473,0.31343283582089554
2022,15860,1356,1.0,1772.0,1297,406,69,1,10,124,23,75,0,0.9610609480812641,0.18548387096774194
2022,15860,1371,2.0,1731.0,1247,441,43,1,10,68,22,110,0,0.975158867706528,0.3235294117647059
2022,15860,1376,2.0,1934.0,1456,412,66,0,18,66,44,81,0,0.9658738366080661,0.6666666666666666
2022,15860,1390,3.0,1260.0,866,314,80,0,22,98,30,56,0,0.9365079365079365,0.30612244897959184
2022,15860,1395,1.0,1952.0,1342,528,82,2,15,116,38,112,0,0.9579918032786885,0.3275862068965517
2022,15860,1400,3.0,1484.0,1070,382,32,0,18,134,22,96,0,0.9784366576819407,0.16417910447761194
2022,15860,1403,2.0,1512.0,1119,328,65,0,18,114,20,56,0,0.957010582010582,0.17543859649122806
2022,15860,1433,2.0,1538.0,1074,421,43,0,10,90,64,82,0,0.9720416124837451,0.7111111111111111
2022,15860,1434,3.0,1420.0,948,408,64,0,18,88,29,93,0,0.9549295774647887,0.32954545454545453
2022,15860,1438,2.0,1446.0,1033,332,81,0,17,192,26,46,0,0.9439834024896265,0.13541666666666666
2022,15860,1439,2.0,1374.0,972,358,44,1,14,102,22,93,0,0.9679767103347889,0.21568627450980393
2022,15860,1446,2.0,1820.0,1347,428,45,0,21,87,20,78,0,0.9752747252747253,0.22988505747126436
2022,15860,1450,3.0,1165.0,824,293,48,0,19,90,24,46,0,0.9587982832618026,0.26666666666666666
2022,15860,1451,3.0,1549.0,1050,427,72,0,13,100,25,74,0,0.9535183989670756,0.25
2022,15860,1454,3.0,1408.0,964,380,64,0,24,166,32,63,0,0.9545454545454546,0.1927710843373494
2022,15860,1460,2.0,1515.0,1085,351,79,0,14,98,16,67,0,0.9478547854785478,0.16326530612244897
2022,15860,1461,3.0,1452.0,1017,368,67,0,14,172,48,69,0,0.9538567493112947,0.27906976744186046
2022,15860,1462,2.0,2002.0,1482,461,59,0,10,82,28,104,0,0.9705294705294706,0.34146341463414637
2022,15860,1468,3.0,1093.0,746,287,60,0,8,116,35,53,0,0.9451052150045746,0.3017241379310345
2022,15860,2678,1.0,1673.0,1198,380,95,0,16,274,54,61,0,0.9432157800358637,0.19708029197080293
2022,15860,2683,2.0,1774.0,1343,364,67,1,15,114,35,51,0,0.9622322435174746,0.30701754385964913
2022,15860,2694,3.0,1553.0,1098,364,91,0,4,105,23,57,0,0.9414037347070187,0.21904761904761905
2022,15860,2696,2.0,1476.0,1070,343,63,0,11,126,34,69,0,0.9573170731707317,0.2698412698412698
2022,15860,2697,2.0,1647.0,1152,416,79,0,15,168,31,76,0,0.9520340012143291,0.18452380952380953
2022,15860,2711,1.0,1996.0,1431,493,72,0,5,144,22,105,0,0.9639278557114228,0.1527777777777778
2022,15860,2713,3.0,1402.0,1002,332,68,0,13,106,36,63,0,0.9514978601997147,0.33962264150943394
2022,15860,2720,2.0,1826.0,1275,471,80,0,23,58,26,92,2,0.9561883899233297,0.4482758620689655
2022,15860,2741,3.0,1338.0,925,343,70,0,20,136,22,61,0,0.9476831091180867,0.16176470588235295
2022,15860,2743,1.0,1913.0,1348,499,66,0,16,188,39,107,0,0.9654992158912703,0.2074468085106383
2022,15860,2746,2.0,1389.0,974,333,82,0,42,161,25,61,0,0.9409647228221742,0.15527950310559005
2022,15860,2751,3.0,1743.0,1217,480,46,0,17,44,24,85,0,0.9736087205966724,0.5454545454545454
2022,15860,2755,2.0,1526.0,1055,379,92,0,19,204,48,80,0,0.9397116644823067,0.23529411764705882
2022,15860,2758,3.0,1369.0,952,343,74,0,18,120,20,37,0,0.9459459459459459,0.16666666666666666
2022,15860,2798,3.0,1037.0,738,236,63,2,26,166,22,13,0,0.9392478302796529,0.13253012048192772
2022,15860,2810,3.0,1413.0,967,360,86,0,15,94,28,67,0,0.9391365888181175,0.2978723404255319
2022,15860,2814,2.0,2030.0,1446,504,80,0,13,190,56,98,0,0.9605911330049262,0.29473684210526313
2022,15860,2915,1.0,2146.0,1535,537,74,0,8,82,23,70,0,0.9655172413793104,0.2804878048780488
2022,15860,8366,2.0,1704.0,1178,449,77,0,5,124,50,63,0,0.95481220657277,0.4032258064516129
2022,15860,8398,3.0,1189.0,791,327,71,0,15,96,24,62,0,0.9402859545836838,0.25
2022,15860,8404,3.0,1403.0,965,353,85,0,6,136,36,72,0,0.9394155381325731,0.2647058823529412
2022,15860,8411,2.0,1605.0,1183,358,64,2,25,114,38,31,0,0.9601246105919004,0.3333333333333333
2022,15860,8486,3.0,1277.0,878,333,66,0,25,130,27,37,0,0.9483163664839468,0.2076923076923077
2022,15860,8490,3.0,1378.0,959,347,72,0,16,102,28,64,0,0.9477503628447025,0.27450980392156865
2022,15860,8530,3.0,1519.0,1051,382,86,1,15,134,34,65,0,0.9433838051349572,0.2537313432835821
2022,15860,8567,3.0,1373.0,970,306,97,0,9,96,25,48,0,0.9293517844136926,0.2604166666666667
2022,15860,8577,2.0,1604.0,1076,438,90,2,33,98,23,84,0,0.9438902743142145,0.23469387755102042
2022,15860,8597,3.0,1017.0,682,266,69,0,13,270,31,33,0,0.9321533923303835,0.11481481481481481
2022,15860,8744,2.0,1496.0,1095,332,69,0,14,100,46,90,0,0.9538770053475936,0.46
2022,15860,8746,3.0,1317.0,966,290,61,1,49,155,42,42,0,0.9536826119969628,0.2709677419354839
2022,15860,8911,3.0,1250.0,871,316,63,0,21,118,46,61,0,0.9496,0.3898305084745763
2022,15860,8956,2.0,1606.0,1137,354,115,1,15,194,53,38,0,0.9283935242839353,0.27319587628865977
2022,15860,8965,2.0,1487.0,1068,321,98,0,33,174,37,71,0,0.9340954942837929,0.21264367816091953
2022,15860,8981,3.0,1844.0,1319,489,36,0,5,58,28,103,0,0.9804772234273319,0.4827586206896552
2022,15860,9011,2.0,1573.0,1076,420,77,0,8,180,47,76,0,0.951048951048951,0.2611111111111111
2022,15860,9012,2.0,1801.0,1301,433,67,1,13,76,41,68,0,0.9627984453081622,0.5394736842105263
2022,15860,9013,2.0,1598.0,1120,404,74,1,13,170,29,96,0,0.9536921151439299,0.17058823529411765
2022,15860,9081,2.0,1459.0,1033,360,66,1,9,156,42,63,0,0.9547635366689513,0.2692307692307692
2022,15860,9223,2.0,2293.0,1638,569,86,0,14,81,34,108,0,0.9624945486262538,0.41975308641975306
2022,15860,9500,3.0,951.0,643,254,54,0,18,122,20,31,0,0.943217665615142,0.16393442622950818
2022,15860,9630,2.0,1261.0,867,323,71,0,14,192,20,53,0,0.943695479777954,0.10416666666666667
2022,15860,9680,2.0,1780.0,1254,447,79,0,6,128,51,85,0,0.9556179775280899,0.3984375
2022,15860,9754,2.0,1867.0,1282,486,99,3,23,174,25,98,0,0.9469737546866631,0.14367816091954022
2022,15860,10411,1.0,2123.0,1540,504,79,2,15,116,40,71,0,0.9627885068299576,0.3448275862068966
2022,15860,10870,2.0,1376.0,979,355,42,0,19,92,31,68,3,0.9694767441860465,0.33695652173913043
2022,15860,10972,3.0,1291.0,889,326,76,0,20,74,36,30,0,0.941130906274206,0.4864864864864865
2022,15860,11036,3.0,1350.0,920,337,93,1,19,164,22,69,0,0.9311111111111111,0.13414634146341464
2022,15860,11276,2.0,1777.0,1250,457,70,0,11,94,17,97,0,0.9606077658975802,0.18085106382978725
2022,15860,11403,2.0,1595.0,1137,396,62,0,24,130,32,73,0,0.961128526645768,0.24615384615384617
2022,15860,11416,2.0,2019.0,1479,492,48,1,8,78,30,80,0,0.9762258543833581,0.38461538461538464
2022,15860,11504,2.0,1811.0,1329,414,68,0,14,88,24,78,0,0.962451684152402,0.2727272727272727
2022,15860,11538,3.0,1376.0,1003,305,68,0,4,122,22,52,0,0.9505813953488372,0.18032786885245902
2022,15860,11740,2.0,1641.0,1160,438,43,0,9,74,35,82,0,0.9737964655697745,0.47297297297297297
2022,15860,11839,3.0,983.0,669,255,59,0,17,94,23,42,0,0.9399796541200407,0.24468085106382978
2022,15860,12399,3.0,1321.0,930,321,70,1,4,100,35,87,0,0.9470098410295231,0.35
2022,15860,12799,2.0,1505.0,1067,375,63,0,14,100,24,83,0,0.958139534883721,0.24
2022,15860,12810,2.0,2031.0,1413,524,94,0,21,116,42,121,0,0.9537173806006893,0.3620689655172414
2022,15860,12830,2.0,1691.0,1192,406,93,2,10,119,47,45,0,0.9450029568302779,0.3949579831932773
2022,15860,12884,3.0,1317.0,916,334,67,1,11,144,30,43,0,0.9491268033409264,0.20833333333333334
2022,15860,12973,3.0,1319.0,1001,270,48,0,21,102,23,26,0,0.9636087945413192,0.22549019607843138
2022,15860,13028,2.0,1594.0,1137,373,84,2,6,82,25,77,0,0.9473023839397742,0.3048780487804878
2022,15860,14927,1.0,2166.0,1548,581,37,0,7,78,29,118,0,0.9829178208679594,0.3717948717948718
2022,15860,15646,2.0,1789.0,1303,427,59,1,20,116,34,75,0,0.9670206819452208,0.29310344827586204
2022,15860,15882,3.0,1084.0,751,253,80,0,28,178,27,33,0,0.9261992619926199,0.15168539325842698
2022,15860,16142,3.0,1604.0,1121,433,50,1,15,96,32,69,0,0.9688279301745636,0.3333333333333333
2022,15860,17094,3.0,1519.0,1060,370,89,1,12,130,23,88,0,0.9414088215931534,0.17692307692307693
2022,15860,18422,3.0,944.0,636,232,76,1,1,122,31,23,0,0.9194915254237288,0.2540983606557377
2022,15860,19117,2.0,1481.0,1064,352,65,0,17,112,32,44,0,0.9561107359891965,0.2857142857142857
2022,15860,19651,1.0,2082.0,1463,551,68,0,15,172,48,131,0,0.9673390970220941,0.27906976744186046
2022,15860,20220,3.0,1644.0,1131,437,76,0,15,114,28,68,0,0.9537712895377128,0.24561403508771928
2022,15860,20794,2.0,1782.0,1280,434,68,0,11,150,19,78,0,0.9618406285072951,0.12666666666666668
2022,15860,21323,2.0,1470.0,1005,387,78,0,4,118,30,72,0,0.9469387755102041,0.2542372881355932
2022,15860,21830,3.0,1544.0,1074,386,84,0,11,168,21,62,0,0.9455958549222798,0.125
2022,15860,21852,3.0,1406.0,1008,336,62,0,24,142,28,74,0,0.9559032716927454,0.19718309859154928
2022,15860,22235,3.0,1407.0,951,380,76,0,21,156,13,107,0,0.9459843638948117,0.08333333333333333
2022,15860,22626,3.0,1530.0,1073,377,80,0,35,162,22,64,0,0.9477124183006536,0.13580246913580246
2022,15860,23008,3.0,1324.0,921,324,79,0,21,158,21,54,0,0.9403323262839879,0.13291139240506328
2022,15860,23121,3.0,1811.0,1320,424,67,0,23,178,30,90,0,0.9630038652678078,0.16853932584269662
2022,15860,23157,2.0,1622.0,1151,392,79,0,13,130,50,93,0,0.9512946979038225,0.38461538461538464
2022,15860,23260,3.0,1604.0,1132,405,67,0,4,104,14,74,0,0.9582294264339152,0.1346153846153846
2022,15860,23624,3.0,948.0,652,235,61,0,17,136,16,43,0,0.9356540084388185,0.11764705882352941
2022,15860,23725,3.0,780.0,534,203,43,0,22,188,11,25,0,0.9448717948717948,0.05851063829787234
2022,15860,24317,3.0,1235.0,859,297,79,1,19,142,19,32,0,0.9360323886639677,0.13380281690140844
2022,15860,24400,3.0,1333.0,929,351,53,0,15,88,43,60,0,0.9602400600150037,0.48863636363636365
2022,15860,24639,2.0,1969.0,1408,490,71,1,9,72,34,128,3,0.9639410868461148,0.4722222222222222
2022,15860,25719,3.0,1221.0,843,307,71,0,14,112,22,46,0,0.9418509418509419,0.19642857142857142
2022,15860,26172,1.0,1970.0,1423,459,88,0,14,126,42,75,0,0.9553299492385787,0.3333333333333333
2022,15860,27854,2.0,1505.0,1072,353,80,0,7,114,43,52,0,0.946843853820598,0.37719298245614036
2022,15860,27892,3.0,1203.0,870,295,38,0,9,122,20,50,0,0.9684123025768911,0.16393442622950818
2022,15860,28593,3.0,1868.0,1307,481,80,2,17,106,17,112,0,0.9571734475374732,0.16037735849056603
2022,15860,28594,2.0,1456.0,1007,355,94,0,33,178,33,69,0,0.9354395604395604,0.1853932584269663
2022,15860,28600,1.0,2149.0,1533,560,56,0,25,152,33,117,0,0.9739413680781759,0.21710526315789475
2022,15860,28749,3.0,1310.0,920,308,82,0,19,222,22,30,0,0.9374045801526718,0.0990990990990991
2022,15860,28755,1.0,2192.0,1535,558,99,0,10,100,34,103,0,0.9548357664233577,0.34
2022,15860,30002,2.0,1775.0,1271,426,78,0,13,54,32,83,0,0.956056338028169,0.5925925925925926
2022,15860,30013,2.0,1996.0,1434,500,62,1,5,96,33,107,0,0.968937875751503,0.34375
2022,15860,30024,1.0,1943.0,1369,509,65,0,10,136,43,115,0,0.9665465774575399,0.3161764705882353
2022,15860,30028,2.0,1737.0,1259,431,47,0,17,110,27,89,0,0.9729418537708693,0.24545454545454545
2022,15860,30029,3.0,1115.0,759,299,57,1,12,110,45,63,0,0.9488789237668162,0.4090909090909091
2022,15860,30032,3.0,1160.0,815,255,90,0,22,250,49,21,0,0.9224137931034483,0.196
2022,15860,30036,3.0,1488.0,1030,402,56,0,9,80,25,74,0,0.9623655913978495,0.3125
2022,15860,30037,3.0,1352.0,922,354,76,0,15,130,35,69,0,0.9437869822485208,0.2692307692307692
2022,15860,30038,3.0,1241.0,847,347,47,0,10,126,20,45,0,0.9621273166800967,0.15873015873015872
2022,15860,30039,3.0,855.0,575,207,73,0,21,228,23,13,0,0.9146198830409357,0.10087719298245613
2022,15860,30040,3.0,970.0,679,227,64,0,19,168,28,39,0,0.934020618556701,0.16666666666666666
2022,15860,30042,3.0,1476.0,1053,366,57,0,11,98,17,67,0,0.9613821138211383,0.17346938775510204
2022,15860,30044,3.0,1200.0,799,331,70,2,18,150,27,53,0,0.9416666666666667,0.18
2022,15860,30045,2.0,1920.0,1331,488,101,1,24,185,48,111,0,0.9473958333333333,0.2594594594594595
2022,15860,30047,3.0,1683.0,1186,408,89,0,24,145,30,102,0,0.9471182412358883,0.20689655172413793
2022,15860,30050,2.0,2001.0,1442,498,61,0,8,66,34,83,0,0.9695152423788106,0.5151515151515151
2022,15860,30051,2.0,1563.0,1116,391,56,0,16,96,27,58,0,0.964171465131158,0.28125
2022,15860,30052,2.0,1938.0,1386,508,44,0,20,98,29,91,0,0.977296181630547,0.29591836734693877
2022,15860,30054,2.0,1637.0,1129,429,79,2,13,122,33,82,0,0.9517409896151496,0.27049180327868855
2022,15860,30055,2.0,1963.0,1408,496,59,1,24,82,17,91,0,0.9699439633214467,0.2073170731707317
2022,15860,30058,2.0,1036.0,718,271,47,0,19,122,29,66,0,0.9546332046332047,0.23770491803278687
2022,15860,30063,2.0,1676.0,1225,403,48,0,5,70,28,73,0,0.9713603818615751,0.4
2022,15860,30064,3.0,1324.0,912,354,58,1,12,72,24,70,0,0.9561933534743202,0.3333333333333333
2022,15860,30069,3.0,1329.0,928,336,65,0,12,132,11,95,0,0.9510910458991723,0.08333333333333333
2022,15860,30075,2.0,1721.0,1200,459,62,0,11,182,27,69,0,0.9639744334689134,0.14835164835164835
2022,15860,30081,3.0,1672.0,1190,402,80,0,10,126,26,49,0,0.9521531100478469,0.20634920634920634
2022,15860,30083,3.0,1348.0,930,355,63,0,25,115,22,95,0,0.9532640949554896,0.19130434782608696
2022,15860,30084,3.0,1305.0,879,324,102,1,8,134,41,38,0,0.9218390804597701,0.30597014925373134
2022,15860,30085,3.0,1412.0,956,377,79,0,40,182,29,74,0,0.9440509915014165,0.15934065934065933
2022,15860,30088,2.0,1521.0,1084,374,63,0,14,220,34,65,0,0.9585798816568047,0.15454545454545454
2022,15860,30090,2.0,1561.0,1137,371,53,0,27,90,27,72,0,0.9660474055092889,0.3
2022,15860,30092,2.0,1949.0,1374,513,62,4,9,72,52,109,0,0.9681888147768086,0.7222222222222222
2022,15860,30093,2.0,1800.0,1249,497,54,0,6,90,28,134,0,0.97,0.3111111111111111
2022,15860,30094,3.0,1275.0,894,329,52,1,13,94,45,99,0,0.9592156862745098,0.4787234042553192
2022,15860,30095,1.0,2001.0,1396,540,65,0,9,78,53,152,0,0.9675162418790605,0.6794871794871795
2022,15860,30105,2.0,1464.0,1012,372,80,2,16,108,37,69,0,0.9453551912568307,0.3425925925925926
2022,15860,30111,3.0,1456.0,1029,359,68,1,11,104,29,65,0,0.9532967032967034,0.27884615384615385
2022,15860,30114,3.0,1641.0,1122,441,78,0,21,136,42,86,0,0.9524680073126143,0.3088235294117647
2022,15860,30119,2.0,1649.0,1152,427,70,0,29,110,25,83,0,0.957550030321407,0.22727272727272727
2022,15860,30120,2.0,1679.0,1198,412,69,0,11,86,23,73,0,0.958904109589041,0.26744186046511625
2022,15860,30123,2.0,1732.0,1229,436,67,0,10,148,32,86,0,0.9613163972286374,0.21621621621621623
2022,15860,30125,2.0,1779.0,1248,458,73,0,10,136,26,85,0,0.9589657110736369,0.19117647058823528
2022,15860,30126,2.0,1649.0,1162,425,62,0,18,240,55,64,0,0.9624014554275319,0.22916666666666666
2022,15860,30128,2.0,1659.0,1197,392,70,0,16,130,43,85,0,0.9578059071729957,0.33076923076923076
2022,15860,30135,1.0,2103.0,1446,577,80,1,16,66,43,134,0,0.9619591060389919,0.6515151515151515
2022,15860,30136,2.0,1691.0,1183,433,75,1,8,74,29,69,0,0.9556475458308693,0.3918918918918919
2022,15860,30137,2.0,1667.0,1164,423,80,1,24,186,22,111,0,0.9520095980803839,0.11827956989247312
2022,15860,30138,2.0,1506.0,1073,374,59,1,18,182,26,66,3,0.9608233731739708,0.14285714285714285
2022,15860,30141,2.0,1874.0,1310,501,63,0,9,76,26,122,0,0.9663820704375667,0.34210526315789475
2022,15860,30146,2.0,2024.0,1468,494,62,0,12,92,42,84,0,0.9693675889328063,0.45652173913043476
2022,15860,30147,2.0,1759.0,1266,409,84,0,26,110,40,71,0,0.9522455940875497,0.36363636363636365
2022,15860,30149,2.0,2031.0,1540,454,37,0,6,54,36,70,0,0.9817823732151649,0.6666666666666666
2022,15860,30151,2.0,1694.0,1218,397,79,0,21,96,41,57,0,0.9533648170011806,0.4270833333333333
2022,15860,30153,2.0,1386.0,1000,325,61,0,10,78,36,84,0,0.9559884559884559,0.46153846153846156
2022,15860,30154,2.0,2081.0,1475,511,95,4,26,154,21,130,0,0.9543488707352235,0.13636363636363635
2022,15860,30160,3.0,1199.0,822,308,69,2,13,118,30,47,0,0.9424520433694745,0.2542372881355932
2022,15860,30164,3.0,1098.0,731,317,50,0,12,120,41,50,0,0.9544626593806922,0.3416666666666667
2022,15860,30166,3.0,963.0,673,222,68,1,27,194,27,23,0,0.9293873312564901,0.13917525773195877
2022,15860,30170,3.0,1485.0,1035,382,68,1,16,132,32,59,0,0.9542087542087542,0.24242424242424243
2022,15860,30171,3.0,1227.0,871,270,86,0,50,290,28,28,0,0.9299103504482478,0.09655172413793103
2022,15860,30172,3.0,1381.0,987,310,84,0,22,150,17,65,0,0.939174511223751,0.11333333333333333
2022,15860,30175,2.0,1788.0,1248,456,84,1,16,229,37,58,0,0.9530201342281879,0.1615720524017467
2022,15860,30177,2.0,1755.0,1196,495,64,0,17,110,47,112,0,0.9635327635327635,0.42727272727272725
2022,15860,30178,2.0,1703.0,1183,428,92,2,9,104,41,93,0,0.9459776864357017,0.3942307692307692
2022,15860,30179,2.0,1722.0,1209,449,64,1,11,150,29,87,0,0.9628339140534262,0.19333333333333333
2022,15860,30180,2.0,1805.0,1302,447,56,0,9,158,50,92,0,0.9689750692520775,0.31645569620253167
2022,15860,30181,2.0,1673.0,1139,453,81,0,19,208,40,86,0,0.9515839808726838,0.19230769230769232
2022,15860,30190,3.0,1284.0,910,312,62,1,29,238,16,55,0,0.9517133956386293,0.06722689075630252
2022,15860,30191,2.0,1725.0,1227,431,67,1,16,163,32,122,0,0.9611594202898551,0.19631901840490798
2022,15860,30192,2.0,1693.0,1187,410,96,1,35,308,33,61,0,0.9432959243945659,0.10714285714285714
2022,15860,30193,2.0,1794.0,1227,489,78,0,11,76,30,92,0,0.9565217391304348,0.39473684210526316
2022,15860,30197,3.0,1520.0,1092,354,74,1,14,92,35,72,0,0.9513157894736842,0.3804347826086957
2022,15860,30198,2.0,1699.0,1221,404,74,1,10,126,35,97,0,0.9564449676280165,0.2777777777777778
2022,15860,30199,2.0,1719.0,1240,429,50,1,24,126,19,72,0,0.970913321698662,0.15079365079365079
2022,15860,30202,2.0,1652.0,1212,380,60,0,33,88,26,76,0,0.9636803874092009,0.29545454545454547
2022,15860,30219,3.0,1166.0,787,312,67,1,17,136,50,56,0,0.9425385934819898,0.36764705882352944
2022,15860,30220,2.0,1675.0,1206,387,82,1,14,98,31,70,0,0.951044776119403,0.3163265306122449
2022,15860,30221,2.0,2054.0,1461,510,83,1,27,134,25,77,0,0.9595910418695229,0.1865671641791045
2022,15860,30222,2.0,1508.0,1050,387,71,2,14,82,46,80,0,0.9529177718832891,0.5609756097560976
2022,16580,228,1.0,17.0,11,6,0,0,0,1,1,4,0,1.0,1.0
2022,16580,228,2.0,10.0,5,5,0,0,0,0,0,4,0,1.0,
